3 0.298828125 0.48828125 0.30615234375 0.4814453125 0.30859375 0.4697265625 0.30908203125 0.4375 0.30224609375 0.4326171875 0.2783203125 0.43359375 0.2744140625 0.435546875 0.27197265625 0.443359375 0.271484375 0.455078125 0.27880859375 0.4814453125 0.2919921875 0.48828125 0.298828125 0.48828125
3 0.3544921875 0.54296875 0.3583984375 0.5205078125 0.3583984375 0.509765625 0.3525390625 0.4912109375 0.34130859375 0.4853515625 0.33642578125 0.4970703125 0.33349609375 0.51953125 0.333984375 0.548828125 0.3369140625 0.552734375 0.3447265625 0.55078125 0.3544921875 0.54296875
3 0.52197265625 0.2763671875 0.529296875 0.27734375 0.54736328125 0.263671875 0.537109375 0.236328125 0.53271484375 0.2158203125 0.5244140625 0.2158203125 0.5166015625 0.2080078125 0.50341796875 0.21875 0.4990234375 0.2265625 0.49951171875 0.2490234375 0.50732421875 0.265625 0.52197265625 0.2763671875
3 0.6533203125 0.3603515625 0.6591796875 0.3544921875 0.666015625 0.359375 0.67529296875 0.3525390625 0.681640625 0.3564453125 0.68310546875 0.3525390625 0.67822265625 0.32421875 0.66748046875 0.296875 0.6533203125 0.29296875 0.64501953125 0.2978515625 0.640625 0.3076171875 0.64013671875 0.3173828125 0.64404296875 0.3369140625 0.642578125 0.341796875 0.6533203125 0.3603515625
3 0.66845703125 0.296875 0.67724609375 0.3125 0.68310546875 0.3115234375 0.6953125 0.298828125 0.69970703125 0.28515625 0.7041015625 0.279296875 0.703125 0.2744140625 0.70556640625 0.2626953125 0.70166015625 0.2587890625 0.6904296875 0.26171875 0.67822265625 0.25390625 0.66845703125 0.255859375 0.66552734375 0.2646484375 0.662109375 0.2666015625 0.66259765625 0.2744140625 0.66845703125 0.296875
3 0.6181640625 0.515625 0.62158203125 0.5146484375 0.6298828125 0.501953125 0.64697265625 0.4658203125 0.6396484375 0.453125 0.6220703125 0.451171875 0.6103515625 0.451171875 0.60693359375 0.462890625 0.60498046875 0.470703125 0.60595703125 0.501953125 0.6123046875 0.5126953125 0.6181640625 0.515625
3 0.48291015625 0.701171875 0.4833984375 0.6728515625 0.47509765625 0.6611328125 0.46142578125 0.6611328125 0.451171875 0.6708984375 0.45166015625 0.7021484375 0.45947265625 0.7119140625 0.478515625 0.712890625 0.48291015625 0.701171875
3 0.43017578125 0.732421875 0.43994140625 0.7333984375 0.45166015625 0.728515625 0.455078125 0.7138671875 0.4521484375 0.703125 0.44287109375 0.6904296875 0.43505859375 0.69140625 0.42724609375 0.705078125 0.4248046875 0.7158203125 0.42724609375 0.7177734375 0.4267578125 0.728515625 0.43017578125 0.732421875
3 0.3935546875 0.71875 0.39599609375 0.712890625 0.39404296875 0.7060546875 0.39501953125 0.697265625 0.390625 0.6884765625 0.37744140625 0.6884765625 0.37158203125 0.7001953125 0.36865234375 0.720703125 0.37255859375 0.7236328125 0.3857421875 0.7236328125 0.3935546875 0.71875
3 0.58935546875 0.76171875 0.60302734375 0.751953125 0.60546875 0.744140625 0.61083984375 0.740234375 0.61669921875 0.7275390625 0.60986328125 0.716796875 0.60107421875 0.7138671875 0.58447265625 0.720703125 0.5849609375 0.7236328125 0.57861328125 0.73046875 0.56787109375 0.7353515625 0.56396484375 0.740234375 0.56201171875 0.7490234375 0.5595703125 0.75 0.5625 0.794921875 0.5654296875 0.7958984375 0.57470703125 0.7880859375 0.58935546875 0.76171875
3 0.64208984375 0.7412109375 0.64111328125 0.732421875 0.634765625 0.7265625 0.6240234375 0.7353515625 0.625 0.748046875 0.6337890625 0.7529296875 0.6396484375 0.7509765625 0.64208984375 0.7412109375
3 0.28466796875 0.587890625 0.279296875 0.5791015625 0.27490234375 0.583984375 0.271484375 0.5947265625 0.27099609375 0.6044921875 0.27294921875 0.607421875 0.28466796875 0.6025390625 0.28466796875 0.587890625
3 0.22705078125 0.5185546875 0.216796875 0.5146484375 0.212890625 0.5146484375 0.2080078125 0.521484375 0.2060546875 0.529296875 0.22412109375 0.5322265625 0.22802734375 0.5263671875 0.22705078125 0.5185546875
3 0.39306640625 0.1533203125 0.40283203125 0.166015625 0.4208984375 0.173828125 0.42822265625 0.14453125 0.42529296875 0.1298828125 0.4287109375 0.115234375 0.4130859375 0.1142578125 0.3974609375 0.123046875 0.40185546875 0.1279296875 0.40087890625 0.138671875 0.396484375 0.1416015625 0.39306640625 0.1533203125
3 0.326171875 0.171875 0.33203125 0.1650390625 0.3408203125 0.171875 0.3486328125 0.171875 0.3525390625 0.1650390625 0.32470703125 0.16015625 0.30908203125 0.171875 0.31103515625 0.185546875 0.31982421875 0.1904296875 0.3232421875 0.1865234375 0.326171875 0.171875
3 0.1318359375 0.4111328125 0.123046875 0.3955078125 0.103515625 0.419921875 0.103515625 0.4267578125 0.10693359375 0.43359375 0.119140625 0.44140625 0.1318359375 0.4111328125
3 0.16748046875 0.517578125 0.1708984375 0.5048828125 0.16796875 0.486328125 0.16162109375 0.4765625 0.1484375 0.4990234375 0.14404296875 0.5126953125 0.15380859375 0.533203125 0.158203125 0.5224609375 0.16748046875 0.517578125
3 0.20556640625 0.3662109375 0.2099609375 0.3603515625 0.21142578125 0.3525390625 0.2099609375 0.3330078125 0.20263671875 0.330078125 0.19482421875 0.33984375 0.1923828125 0.3447265625 0.19287109375 0.357421875 0.19677734375 0.365234375 0.20556640625 0.3662109375
3 0.18212890625 0.392578125 0.17919921875 0.375 0.17333984375 0.3720703125 0.16748046875 0.37890625 0.1669921875 0.3876953125 0.1708984375 0.4033203125 0.1787109375 0.404296875 0.18212890625 0.392578125
3 0.20849609375 0.2978515625 0.201171875 0.2880859375 0.20068359375 0.2763671875 0.19580078125 0.2783203125 0.1875 0.296875 0.18701171875 0.3076171875 0.1884765625 0.3095703125 0.19677734375 0.3095703125 0.20849609375 0.2978515625
3 0.603515625 0.1552734375 0.63037109375 0.1962890625 0.63525390625 0.1943359375 0.63623046875 0.181640625 0.63916015625 0.1748046875 0.6318359375 0.1572265625 0.6181640625 0.14453125 0.60693359375 0.126953125 0.59814453125 0.1220703125 0.58642578125 0.1220703125 0.58544921875 0.1240234375 0.5908203125 0.1494140625 0.59423828125 0.1484375 0.603515625 0.1552734375