3 0.42919921875 0.705078125 0.4287109375 0.71875 0.4306640625 0.7314453125 0.43603515625 0.74609375 0.4453125 0.7529296875 0.45361328125 0.771484375 0.4716796875 0.779296875 0.4794921875 0.759765625 0.47265625 0.7314453125 0.45458984375 0.681640625 0.45556640625 0.6630859375 0.4619140625 0.6533203125 0.462890625 0.6474609375 0.4619140625 0.6357421875 0.455078125 0.625 0.451171875 0.62890625 0.43994140625 0.623046875 0.43212890625 0.6259765625 0.43701171875 0.64453125 0.4375 0.6552734375 0.43505859375 0.658203125 0.42919921875 0.705078125
3 0.53515625 0.76171875 0.5400390625 0.771484375 0.54541015625 0.7705078125 0.5537109375 0.76171875 0.556640625 0.751953125 0.56494140625 0.7509765625 0.57568359375 0.755859375 0.58349609375 0.7529296875 0.587890625 0.7470703125 0.59619140625 0.7509765625 0.59814453125 0.7421875 0.60986328125 0.734375 0.61279296875 0.720703125 0.61279296875 0.7119140625 0.60693359375 0.6875 0.607421875 0.67578125 0.60546875 0.66796875 0.60693359375 0.6572265625 0.6025390625 0.6591796875 0.59814453125 0.6552734375 0.59521484375 0.6435546875 0.533203125 0.6259765625 0.5302734375 0.626953125 0.52880859375 0.634765625 0.525390625 0.6376953125 0.525390625 0.6435546875 0.53564453125 0.6728515625 0.5361328125 0.6806640625 0.529296875 0.6904296875 0.52001953125 0.7119140625 0.52001953125 0.728515625 0.52587890625 0.7392578125 0.5341796875 0.7421875 0.53515625 0.76171875
3 0.6494140625 0.677734375 0.66552734375 0.6865234375 0.67822265625 0.6787109375 0.67626953125 0.6650390625 0.666015625 0.63671875 0.65966796875 0.6259765625 0.6591796875 0.6181640625 0.65380859375 0.611328125 0.65087890625 0.59765625 0.642578125 0.5830078125 0.63671875 0.591796875 0.63330078125 0.6103515625 0.62939453125 0.6572265625 0.62548828125 0.666015625 0.6298828125 0.67578125 0.6494140625 0.677734375
3 0.75390625 0.6337890625 0.751953125 0.6142578125 0.71728515625 0.5595703125 0.71630859375 0.5625 0.71337890625 0.5595703125 0.70654296875 0.5810546875 0.7060546875 0.5986328125 0.7158203125 0.6435546875 0.7529296875 0.64453125 0.75390625 0.6337890625
3 0.7421875 0.7607421875 0.7607421875 0.7587890625 0.78271484375 0.7451171875 0.80615234375 0.720703125 0.814453125 0.7080078125 0.81640625 0.697265625 0.8154296875 0.6904296875 0.81103515625 0.6865234375 0.802734375 0.6650390625 0.79150390625 0.654296875 0.78271484375 0.6552734375 0.77587890625 0.6669921875 0.765625 0.6630859375 0.76318359375 0.6572265625 0.75537109375 0.662109375 0.75048828125 0.654296875 0.74755859375 0.654296875 0.74169921875 0.662109375 0.73681640625 0.6767578125 0.736328125 0.693359375 0.7392578125 0.708984375 0.73828125 0.740234375 0.7421875 0.7607421875
3 0.42919921875 0.4052734375 0.43701171875 0.4375 0.44775390625 0.443359375 0.4677734375 0.431640625 0.47119140625 0.419921875 0.47216796875 0.4052734375 0.474609375 0.400390625 0.47216796875 0.3994140625 0.470703125 0.392578125 0.47216796875 0.369140625 0.470703125 0.3564453125 0.46630859375 0.359375 0.46337890625 0.34765625 0.458984375 0.345703125 0.4306640625 0.3486328125 0.4267578125 0.3564453125 0.427734375 0.3603515625 0.4228515625 0.388671875 0.42529296875 0.4033203125 0.42919921875 0.4052734375
3 0.55712890625 0.341796875 0.564453125 0.36328125 0.56689453125 0.404296875 0.57177734375 0.4140625 0.58203125 0.4130859375 0.58740234375 0.4072265625 0.591796875 0.4091796875 0.5947265625 0.4013671875 0.599609375 0.400390625 0.60302734375 0.3916015625 0.607421875 0.39453125 0.61083984375 0.404296875 0.623046875 0.4140625 0.646484375 0.361328125 0.64111328125 0.3466796875 0.62451171875 0.3232421875 0.595703125 0.31640625 0.5947265625 0.322265625 0.5908203125 0.326171875 0.5810546875 0.3154296875 0.5693359375 0.3271484375 0.55224609375 0.3212890625 0.548828125 0.326171875 0.55224609375 0.3291015625 0.55224609375 0.3369140625 0.55712890625 0.341796875
3 0.494140625 0.26171875 0.50439453125 0.2626953125 0.49609375 0.234375 0.49560546875 0.224609375 0.50146484375 0.216796875 0.50390625 0.2060546875 0.5029296875 0.18359375 0.5068359375 0.173828125 0.46533203125 0.1689453125 0.47509765625 0.1865234375 0.47412109375 0.228515625 0.48388671875 0.2490234375 0.494140625 0.26171875
3 0.56787109375 0.228515625 0.56982421875 0.2353515625 0.5810546875 0.240234375 0.59521484375 0.240234375 0.61181640625 0.2275390625 0.61474609375 0.220703125 0.61328125 0.212890625 0.619140625 0.2080078125 0.62109375 0.19921875 0.61474609375 0.1884765625 0.607421875 0.1826171875 0.59130859375 0.1806640625 0.580078125 0.185546875 0.5595703125 0.2041015625 0.5615234375 0.2099609375 0.56640625 0.2109375 0.56884765625 0.216796875 0.56787109375 0.228515625
3 0.2841796875 0.6220703125 0.28564453125 0.626953125 0.3037109375 0.6201171875 0.30712890625 0.6103515625 0.31396484375 0.607421875 0.310546875 0.583984375 0.310546875 0.56640625 0.306640625 0.5537109375 0.298828125 0.544921875 0.287109375 0.544921875 0.27783203125 0.5595703125 0.27734375 0.5830078125 0.2802734375 0.6025390625 0.28515625 0.615234375 0.2841796875 0.6220703125
3 0.341796875 0.7587890625 0.35302734375 0.7470703125 0.35498046875 0.736328125 0.3603515625 0.7314453125 0.361328125 0.7138671875 0.35986328125 0.7041015625 0.36474609375 0.681640625 0.3564453125 0.6806640625 0.353515625 0.6689453125 0.341796875 0.6650390625 0.32568359375 0.6640625 0.32275390625 0.6689453125 0.32177734375 0.6875 0.31591796875 0.7001953125 0.31787109375 0.736328125 0.341796875 0.7587890625
3 0.23583984375 0.6455078125 0.23876953125 0.638671875 0.24365234375 0.60546875 0.23779296875 0.576171875 0.23779296875 0.564453125 0.22900390625 0.5595703125 0.212890625 0.5595703125 0.19775390625 0.560546875 0.18896484375 0.5654296875 0.19140625 0.580078125 0.21484375 0.626953125 0.23095703125 0.6455078125 0.23583984375 0.6455078125