0 0.51318359375 0.830078125 0.53125 0.849609375 0.54736328125 0.85546875 0.57763671875 0.8486328125 0.60693359375 0.84765625 0.63427734375 0.822265625 0.63525390625 0.810546875 0.634765625 0.783203125 0.630859375 0.7705078125 0.626953125 0.765625 0.61474609375 0.76953125 0.595703125 0.7568359375 0.5673828125 0.7587890625 0.5576171875 0.74609375 0.54443359375 0.7197265625 0.541015625 0.7080078125 0.52099609375 0.6982421875 0.5087890625 0.7001953125 0.498046875 0.712890625 0.47705078125 0.7744140625 0.46435546875 0.7978515625 0.46484375 0.818359375 0.4755859375 0.837890625 0.4990234375 0.8291015625 0.51318359375 0.830078125
3 0.68212890625 0.6162109375 0.68994140625 0.599609375 0.68994140625 0.5791015625 0.6875 0.560546875 0.67041015625 0.5400390625 0.666015625 0.5390625 0.65234375 0.5537109375 0.642578125 0.5751953125 0.64453125 0.6201171875 0.6533203125 0.634765625 0.6708984375 0.6298828125 0.68212890625 0.6162109375
3 0.8203125 0.4921875 0.826171875 0.4931640625 0.83740234375 0.482421875 0.837890625 0.4501953125 0.83154296875 0.4375 0.826171875 0.4326171875 0.81005859375 0.4306640625 0.8046875 0.447265625 0.80322265625 0.462890625 0.8095703125 0.48828125 0.81494140625 0.486328125 0.8203125 0.4921875
3 0.7060546875 0.5009765625 0.71533203125 0.4951171875 0.720703125 0.4970703125 0.7265625 0.4794921875 0.728515625 0.4521484375 0.7216796875 0.423828125 0.71337890625 0.4072265625 0.70458984375 0.396484375 0.70068359375 0.3974609375 0.69677734375 0.3896484375 0.669921875 0.384765625 0.6650390625 0.392578125 0.6640625 0.396484375 0.67041015625 0.4228515625 0.7001953125 0.4951171875 0.7060546875 0.5009765625
3 0.72412109375 0.353515625 0.732421875 0.3623046875 0.74853515625 0.353515625 0.74462890625 0.330078125 0.72802734375 0.287109375 0.72412109375 0.2841796875 0.712890625 0.298828125 0.712890625 0.3134765625 0.71630859375 0.32421875 0.72216796875 0.330078125 0.72412109375 0.353515625
3 0.7626953125 0.3291015625 0.76806640625 0.3251953125 0.7744140625 0.33203125 0.78271484375 0.330078125 0.78955078125 0.3173828125 0.78759765625 0.3046875 0.7744140625 0.2861328125 0.75341796875 0.2744140625 0.74755859375 0.27734375 0.7470703125 0.29296875 0.755859375 0.3056640625 0.7587890625 0.3212890625 0.7626953125 0.3291015625
3 0.65966796875 0.271484375 0.658203125 0.2548828125 0.64697265625 0.240234375 0.63818359375 0.2392578125 0.630859375 0.267578125 0.6318359375 0.2890625 0.6376953125 0.30078125 0.65771484375 0.2978515625 0.65966796875 0.271484375
3 0.61865234375 0.2021484375 0.61669921875 0.181640625 0.611328125 0.1728515625 0.60400390625 0.173828125 0.59619140625 0.1884765625 0.59423828125 0.197265625 0.59521484375 0.2177734375 0.60986328125 0.21875 0.61865234375 0.2021484375
3 0.508885253125 0.19237109375 0.521484375 0.1904296875 0.52734375 0.17578125 0.533203125 0.185546875 0.53466796875 0.173828125 0.52880859375 0.1513671875 0.5205078125 0.15234375 0.50537109375 0.1416015625 0.49072265625 0.146484375 0.4892578125 0.15234375 0.490234375 0.1650390625 0.49755859375 0.1884765625 0.508885253125 0.19237109375
3 0.521484375 0.2900390625 0.53173828125 0.2919921875 0.5380859375 0.2978515625 0.55078125 0.28515625 0.5498046875 0.26171875 0.5390625 0.2236328125 0.53369140625 0.216796875 0.52099609375 0.2119140625 0.51416015625 0.224609375 0.51220703125 0.23828125 0.513671875 0.2646484375 0.51513671875 0.2744140625 0.521484375 0.2900390625
3 0.513671875 0.3369140625 0.51708984375 0.326171875 0.51806640625 0.3134765625 0.5107421875 0.2822265625 0.50634765625 0.2724609375 0.490234375 0.2587890625 0.48388671875 0.2626953125 0.48193359375 0.267578125 0.48388671875 0.2783203125 0.5048828125 0.3271484375 0.513671875 0.3369140625
3 0.45068359375 0.2529296875 0.44921875 0.23828125 0.45703125 0.232421875 0.4541015625 0.216796875 0.44580078125 0.1962890625 0.43994140625 0.189453125 0.4345703125 0.1904296875 0.4287109375 0.19921875 0.43115234375 0.259765625 0.435546875 0.265625 0.44873046875 0.2578125 0.45068359375 0.2529296875
3 0.486328125 0.248046875 0.4853515625 0.2138671875 0.46826171875 0.2080078125 0.45849609375 0.21875 0.4609375 0.232421875 0.47412109375 0.2548828125 0.478515625 0.2578125 0.486328125 0.248046875
3 0.37109375 0.4716796875 0.36865234375 0.4306640625 0.361328125 0.4248046875 0.3486328125 0.423828125 0.3466796875 0.4326171875 0.34130859375 0.478515625 0.35205078125 0.4853515625 0.3662109375 0.4853515625 0.37109375 0.4716796875
3 0.318359375 0.640625 0.322265625 0.6376953125 0.341796875 0.6015625 0.34619140625 0.5810546875 0.32421875 0.578125 0.318359375 0.572265625 0.31494140625 0.5732421875 0.30810546875 0.591796875 0.306640625 0.607421875 0.3056640625 0.619140625 0.30859375 0.6328125 0.3134765625 0.640625 0.318359375 0.640625
3 0.50390625 0.61328125 0.50830078125 0.58984375 0.51220703125 0.548828125 0.50732421875 0.5458984375 0.4970703125 0.5556640625 0.484375 0.5751953125 0.4814453125 0.5859375 0.482421875 0.626953125 0.486328125 0.64453125 0.490234375 0.6484375 0.50390625 0.61328125
3 0.59765625 0.7421875 0.6044921875 0.732421875 0.60400390625 0.716796875 0.61572265625 0.697265625 0.61669921875 0.6904296875 0.62548828125 0.6845703125 0.62451171875 0.662109375 0.626953125 0.64453125 0.623046875 0.6455078125 0.615234375 0.6318359375 0.607421875 0.6416015625 0.6015625 0.642578125 0.583984375 0.6923828125 0.578125 0.6982421875 0.57568359375 0.7060546875 0.57470703125 0.720703125 0.576171875 0.7294921875 0.59130859375 0.744140625 0.59765625 0.7421875
3 0.76953125 0.6982421875 0.7734375 0.708984375 0.79150390625 0.72265625 0.79638671875 0.7353515625 0.7978515625 0.75390625 0.8330078125 0.7119140625 0.85302734375 0.6806640625 0.85205078125 0.673828125 0.84423828125 0.6689453125 0.8427734375 0.65625 0.85546875 0.6298828125 0.853515625 0.623046875 0.84521484375 0.6142578125 0.82568359375 0.6123046875 0.81640625 0.619140625 0.8076171875 0.6142578125 0.80078125 0.6181640625 0.794921875 0.61328125 0.7900390625 0.626953125 0.7861328125 0.62890625 0.779296875 0.6181640625 0.77197265625 0.615234375 0.771484375 0.6015625 0.76611328125 0.59765625 0.759765625 0.6015625 0.75537109375 0.6162109375 0.75439453125 0.666015625 0.7568359375 0.6806640625 0.76171875 0.6904296875 0.76953125 0.6982421875
3 0.7626953125 0.7822265625 0.7607421875 0.771484375 0.7412109375 0.75 0.732421875 0.7548828125 0.71435546875 0.7744140625 0.7138671875 0.79296875 0.72021484375 0.810546875 0.73193359375 0.806640625 0.7626953125 0.7822265625
3 0.6650390625 0.8212890625 0.6865234375 0.822265625 0.70751953125 0.814453125 0.703125 0.7880859375 0.69677734375 0.7783203125 0.6728515625 0.7841796875 0.6611328125 0.7802734375 0.65869140625 0.787109375 0.654296875 0.787109375 0.65283203125 0.791015625 0.65625 0.80078125 0.65576171875 0.8095703125 0.6650390625 0.8212890625
3 0.7060546875 0.671875 0.70556640625 0.6884765625 0.712890625 0.6923828125 0.71435546875 0.6884765625 0.7138671875 0.650390625 0.720703125 0.62109375 0.716796875 0.6181640625 0.71240234375 0.6064453125 0.70849609375 0.611328125 0.70361328125 0.630859375 0.70068359375 0.6337890625 0.69921875 0.6533203125 0.70263671875 0.6611328125 0.70263671875 0.6689453125 0.7060546875 0.671875
3 0.29736328125 0.7353515625 0.31884765625 0.767578125 0.3408203125 0.7802734375 0.35009765625 0.7822265625 0.35595703125 0.779296875 0.35498046875 0.775390625 0.34521484375 0.7724609375 0.3427734375 0.7587890625 0.337890625 0.75 0.32763671875 0.74609375 0.3193359375 0.7353515625 0.322265625 0.724609375 0.32177734375 0.70703125 0.302734375 0.6953125 0.28564453125 0.6953125 0.275390625 0.705078125 0.27490234375 0.716796875 0.27783203125 0.724609375 0.29150390625 0.7294921875 0.29736328125 0.7353515625
3 0.40869140625 0.7734375 0.41552734375 0.7685546875 0.41845703125 0.7607421875 0.41943359375 0.7431640625 0.416015625 0.734375 0.41162109375 0.73046875 0.40771484375 0.71875 0.4033203125 0.7197265625 0.39599609375 0.7119140625 0.3896484375 0.7119140625 0.37255859375 0.720703125 0.37060546875 0.728515625 0.37158203125 0.7470703125 0.38037109375 0.7646484375 0.40869140625 0.7734375
3 0.388671875 0.6025390625 0.392578125 0.6025390625 0.40234375 0.5869140625 0.4033203125 0.55078125 0.400390625 0.5380859375 0.380859375 0.546875 0.37841796875 0.5517578125 0.37548828125 0.5712890625 0.37548828125 0.583984375 0.37744140625 0.5908203125 0.388671875 0.6025390625
3 0.267578125 0.6923828125 0.283203125 0.6845703125 0.2841796875 0.6494140625 0.28271484375 0.6435546875 0.2783203125 0.646484375 0.275390625 0.6376953125 0.2685546875 0.6357421875 0.24755859375 0.634765625 0.240234375 0.6494140625 0.23974609375 0.669921875 0.2412109375 0.6806640625 0.2451171875 0.685546875 0.267578125 0.6923828125
0 0.1748046875 0.603515625 0.17236328125 0.5927734375 0.173828125 0.591796875 0.173828125 0.5751953125 0.1708984375 0.5693359375 0.1708984375 0.5576171875 0.16845703125 0.552734375 0.16650390625 0.51953125 0.142578125 0.515625 0.12890625 0.5224609375 0.12744140625 0.5263671875 0.12255859375 0.5224609375 0.1201171875 0.533203125 0.12939453125 0.55078125 0.154296875 0.5859375 0.1748046875 0.603515625
3 0.19384765625 0.4208984375 0.1943359375 0.408203125 0.18701171875 0.392578125 0.18212890625 0.392578125 0.17626953125 0.400390625 0.17529296875 0.4169921875 0.1796875 0.4287109375 0.18603515625 0.431640625 0.19384765625 0.4208984375