3 0.412109375 0.2978515625 0.41748046875 0.3095703125 0.42333984375 0.3134765625 0.43310546875 0.298828125 0.43505859375 0.2900390625 0.45556640625 0.26171875 0.46142578125 0.2392578125 0.4638671875 0.216796875 0.43896484375 0.2001953125 0.43017578125 0.2001953125 0.404296875 0.2275390625 0.40234375 0.251953125 0.4033203125 0.2685546875 0.40771484375 0.27734375 0.412109375 0.2978515625
3 0.55322265625 0.408203125 0.564453125 0.3974609375 0.572265625 0.376953125 0.57763671875 0.3466796875 0.572265625 0.33984375 0.56396484375 0.318359375 0.5537109375 0.3046875 0.54443359375 0.3056640625 0.53369140625 0.326171875 0.53466796875 0.330078125 0.533203125 0.3330078125 0.5283203125 0.3369140625 0.52880859375 0.3759765625 0.53662109375 0.400390625 0.54443359375 0.4072265625 0.55322265625 0.408203125
3 0.5634765625 0.5244140625 0.56689453125 0.517578125 0.57177734375 0.490234375 0.5712890625 0.4853515625 0.56591796875 0.484375 0.5556640625 0.4609375 0.55615234375 0.4580078125 0.55029296875 0.451171875 0.5400390625 0.451171875 0.53271484375 0.458984375 0.52734375 0.46875 0.52294921875 0.486328125 0.5205078125 0.501953125 0.52197265625 0.5205078125 0.53466796875 0.525390625 0.5634765625 0.5244140625
3 0.6025390625 0.6708984375 0.61181640625 0.6708984375 0.6220703125 0.6572265625 0.626953125 0.6611328125 0.63232421875 0.646484375 0.63330078125 0.630859375 0.62841796875 0.5966796875 0.61474609375 0.5869140625 0.59765625 0.5927734375 0.59326171875 0.6025390625 0.59033203125 0.62890625 0.58984375 0.642578125 0.591796875 0.650390625 0.599609375 0.6689453125 0.6025390625 0.6708984375
3 0.64794921875 0.734375 0.6484375 0.74609375 0.64599609375 0.7509765625 0.64453125 0.767578125 0.6533203125 0.783203125 0.67822265625 0.7705078125 0.68505859375 0.763671875 0.68896484375 0.7646484375 0.69677734375 0.7548828125 0.701171875 0.7392578125 0.7060546875 0.736328125 0.70703125 0.6728515625 0.70849609375 0.666015625 0.70458984375 0.66015625 0.7001953125 0.6630859375 0.69921875 0.6533203125 0.6962890625 0.6474609375 0.68896484375 0.646484375 0.68701171875 0.65234375 0.68115234375 0.65234375 0.6796875 0.6474609375 0.6728515625 0.646484375 0.66796875 0.654296875 0.65380859375 0.662109375 0.6455078125 0.685546875 0.64697265625 0.71044921875 0.64599609375 0.7255859375 0.64306640625 0.7314453125 0.64794921875 0.734375
3 0.73974609375 0.7197265625 0.751953125 0.7158203125 0.75146484375 0.7099609375 0.75537109375 0.6962890625 0.751953125 0.673828125 0.74755859375 0.6640625 0.74267578125 0.626953125 0.73974609375 0.625 0.73095703125 0.583984375 0.72998046875 0.5478515625 0.716796875 0.5400390625 0.6962890625 0.5419921875 0.68505859375 0.556640625 0.681640625 0.578125 0.68505859375 0.6025390625 0.693359375 0.626953125 0.72412109375 0.697265625 0.73974609375 0.7197265625
3 0.81201171875 0.7666015625 0.8232421875 0.7685546875 0.8310546875 0.7666015625 0.837890625 0.755859375 0.84619140625 0.7158203125 0.8466796875 0.697265625 0.84521484375 0.69140625 0.84375 0.697265625 0.837890625 0.6982421875 0.837890625 0.6923828125 0.82958984375 0.6767578125 0.80419921875 0.685546875 0.80419921875 0.7021484375 0.802734375 0.7041015625 0.80712890625 0.732421875 0.80224609375 0.7548828125 0.79931640625 0.7587890625 0.81201171875 0.7666015625
3 0.77197265625 0.4501953125 0.783203125 0.4228515625 0.78369140625 0.416015625 0.77587890625 0.421875 0.7685546875 0.4140625 0.74365234375 0.4189453125 0.74609375 0.4638671875 0.7509765625 0.4697265625 0.759765625 0.47265625 0.77197265625 0.4501953125
3 0.70556640625 0.5126953125 0.71142578125 0.5048828125 0.7138671875 0.46875 0.7119140625 0.455078125 0.712890625 0.4501953125 0.70751953125 0.4228515625 0.693359375 0.423828125 0.68994140625 0.4541015625 0.68505859375 0.4609375 0.68505859375 0.470703125 0.68701171875 0.470703125 0.6953125 0.5078125 0.70556640625 0.5126953125
3 0.4033203125 0.6953125 0.421875 0.736328125 0.4306640625 0.7490234375 0.4404296875 0.7470703125 0.44775390625 0.732421875 0.447265625 0.71484375 0.44384765625 0.7138671875 0.4404296875 0.7021484375 0.44140625 0.6552734375 0.43603515625 0.6181640625 0.42724609375 0.6025390625 0.40380859375 0.611328125 0.3955078125 0.634765625 0.39501953125 0.6416015625 0.388671875 0.650390625 0.4033203125 0.6953125
3 0.25 0.4873046875 0.2548828125 0.466796875 0.2548828125 0.4306640625 0.251953125 0.419921875 0.24365234375 0.40625 0.23583984375 0.404296875 0.23291015625 0.3994140625 0.23046875 0.4033203125 0.2255859375 0.4775390625 0.232421875 0.4912109375 0.24072265625 0.4921875 0.25 0.4873046875
3 0.2939453125 0.6982421875 0.32177734375 0.7080078125 0.32470703125 0.703125 0.3125 0.6650390625 0.29931640625 0.6396484375 0.294921875 0.634765625 0.28662109375 0.6357421875 0.27880859375 0.646484375 0.279296875 0.666015625 0.287109375 0.689453125 0.291015625 0.6904296875 0.2939453125 0.6982421875
3 0.85595703125 0.462890625 0.8759765625 0.4814453125 0.88427734375 0.482421875 0.89794921875 0.4716796875 0.900390625 0.474609375 0.904296875 0.470703125 0.900390625 0.4404296875 0.89501953125 0.4189453125 0.87744140625 0.38671875 0.86474609375 0.3720703125 0.8603515625 0.37109375 0.849609375 0.3837890625 0.84375 0.3955078125 0.8427734375 0.40234375 0.84619140625 0.4326171875 0.8544921875 0.4443359375 0.85595703125 0.462890625