3 0.82470703125 0.6083984375 0.8271484375 0.6083984375 0.82958984375 0.6181640625 0.83251953125 0.611328125 0.8326616203125001 0.6049833984374999 0.8316328125 0.5929013671875001 0.8327900390625 0.583390625 0.8363901374999999 0.5731083984375 0.8424208984374999 0.5577783203125 0.838515625 0.523423828125 0.8330478515624999 0.5015615234374999 0.829923340625 0.4953154296875 0.8283608390625 0.4843837890625 0.8349609375 0.47265625 0.82421875 0.478515625 0.822265625 0.4814453125 0.822265625 0.4912109375 0.81005859375 0.5244140625 0.8064897453125001 0.526546875 0.7846186515625 0.529669921875 0.7760263671875001 0.5546552734375 0.78515625 0.603515625 0.7939921875 0.604625 0.8103955078125 0.6093095703125 0.8174252921875 0.5936943359375 0.82470703125 0.6083984375
3 0.63671875 0.4853515625 0.64111328125 0.4814453125 0.642578125 0.474609375 0.6416015625 0.455078125 0.64404296875 0.447265625 0.64306640625 0.44140625 0.6474609375 0.435546875 0.6474609375 0.431640625 0.638671875 0.408203125 0.6318359375 0.3994140625 0.6220703125 0.3994140625 0.61376953125 0.404296875 0.6025390625 0.4033203125 0.591796875 0.4541015625 0.591796875 0.4794921875 0.59765625 0.484375 0.6064453125 0.4873046875 0.63671875 0.4853515625
3 0.64208984375 0.388671875 0.65478515625 0.3720703125 0.6552734375 0.353515625 0.64990234375 0.337890625 0.64990234375 0.326171875 0.642578125 0.3125 0.63525390625 0.30859375 0.63427734375 0.3017578125 0.6181640625 0.30078125 0.60888671875 0.314453125 0.6083984375 0.3212890625 0.61083984375 0.3291015625 0.634765625 0.388671875 0.64208984375 0.388671875
3 0.494140625 0.4775390625 0.48876953125 0.4638671875 0.49462890625 0.4375 0.49365234375 0.4208984375 0.49169921875 0.4033203125 0.486328125 0.3935546875 0.470703125 0.37890625 0.46240234375 0.3798828125 0.45361328125 0.3876953125 0.44873046875 0.400390625 0.4462890625 0.4248046875 0.458984375 0.474609375 0.47705078125 0.48046875 0.494140625 0.4775390625
3 0.43212890625 0.720703125 0.44677734375 0.720703125 0.45263671875 0.7158203125 0.455078125 0.7021484375 0.45361328125 0.697265625 0.455078125 0.6845703125 0.4521484375 0.6796875 0.45361328125 0.669921875 0.45263671875 0.6533203125 0.44873046875 0.64453125 0.44287109375 0.640625 0.431640625 0.658203125 0.41455078125 0.6962890625 0.4130859375 0.701171875 0.41650390625 0.7041015625 0.4189453125 0.7138671875 0.43212890625 0.720703125
3 0.541015625 0.7568359375 0.54248046875 0.7490234375 0.5400390625 0.693359375 0.529296875 0.6728515625 0.52490234375 0.6689453125 0.51220703125 0.6767578125 0.5126953125 0.74609375 0.5234375 0.763671875 0.53125 0.7646484375 0.541015625 0.7568359375
3 0.466796875 0.673828125 0.47998046875 0.69140625 0.48681640625 0.693359375 0.49365234375 0.689453125 0.5078125 0.66015625 0.51171875 0.6435546875 0.51025390625 0.626953125 0.501953125 0.6025390625 0.49853515625 0.5986328125 0.474609375 0.5966796875 0.46630859375 0.599609375 0.4609375 0.619140625 0.4599609375 0.62890625 0.46240234375 0.654296875 0.4677734375 0.669921875 0.466796875 0.673828125
3 0.44775390625 0.810546875 0.4794921875 0.80859375 0.48291015625 0.8056640625 0.48193359375 0.798828125 0.4853515625 0.7939453125 0.4833984375 0.7900390625 0.484375 0.7861328125 0.47900390625 0.7734375 0.4775390625 0.748046875 0.474609375 0.7392578125 0.46630859375 0.7431640625 0.4404296875 0.7724609375 0.4384765625 0.7783203125 0.44189453125 0.783203125 0.4404296875 0.802734375 0.44775390625 0.810546875
3 0.35791015625 0.6298828125 0.3662109375 0.611328125 0.3583984375 0.59375 0.3466796875 0.5830078125 0.33251953125 0.59375 0.328125 0.609375 0.32763671875 0.6259765625 0.3359375 0.6572265625 0.341796875 0.6552734375 0.35791015625 0.6298828125
3 0.32763671875 0.5830078125 0.33740234375 0.560546875 0.33740234375 0.5205078125 0.32958984375 0.521484375 0.32568359375 0.52734375 0.30859375 0.5654296875 0.30810546875 0.5751953125 0.3154296875 0.5869140625 0.322265625 0.587890625 0.32763671875 0.5830078125
3 0.2529296875 0.486328125 0.25927734375 0.4833984375 0.2529296875 0.4697265625 0.25244140625 0.458984375 0.248046875 0.453125 0.23974609375 0.451171875 0.2314453125 0.4560546875 0.23046875 0.4599609375 0.2333984375 0.4697265625 0.24169921875 0.478515625 0.2529296875 0.486328125