3 0.28271484375 0.6142578125 0.28857421875 0.6162109375 0.296875 0.6123046875 0.30224609375 0.5986328125 0.3037109375 0.587890625 0.30224609375 0.5771484375 0.2939453125 0.5615234375 0.28662109375 0.556640625 0.27783203125 0.5625 0.271484375 0.5732421875 0.2705078125 0.587890625 0.27197265625 0.5947265625 0.2763671875 0.607421875 0.28271484375 0.6142578125
3 0.33056640625 0.5986328125 0.34228515625 0.58984375 0.34521484375 0.56640625 0.337890625 0.544921875 0.32958984375 0.5419921875 0.31884765625 0.548828125 0.31787109375 0.560546875 0.3212890625 0.591796875 0.32568359375 0.59765625 0.33056640625 0.5986328125
3 0.3486328125 0.806640625 0.36376953125 0.806640625 0.3544921875 0.7822265625 0.345703125 0.7705078125 0.3408203125 0.771484375 0.31396484375 0.7490234375 0.31005859375 0.75 0.30859375 0.755859375 0.3076171875 0.779296875 0.3095703125 0.783203125 0.32861328125 0.7919921875 0.3486328125 0.806640625
3 0.65673828125 0.802734375 0.65625 0.7978515625 0.658203125 0.7939453125 0.65576171875 0.783203125 0.658203125 0.779296875 0.65771484375 0.7705078125 0.64599609375 0.7666015625 0.630859375 0.7509765625 0.619140625 0.767578125 0.61865234375 0.7783203125 0.626953125 0.814453125 0.634765625 0.8154296875 0.65673828125 0.802734375
3 0.147705078125 0.486328125 0.15673828125 0.4931640625 0.16796875 0.490234375 0.173828125 0.482421875 0.17333984375 0.4775390625 0.1845703125 0.44921875 0.189453125 0.4443359375 0.19091796875 0.435546875 0.19677734375 0.4267578125 0.197265625 0.4111328125 0.19482421875 0.4072265625 0.1943359375 0.3984375 0.18798828125 0.390625 0.16650390625 0.4111328125 0.1513671875 0.43359375 0.1328125 0.474609375 0.130859375 0.482421875 0.138671875 0.482421875 0.14208984375 0.48828125 0.147705078125 0.486328125
3 0.3291015625 0.3046875 0.3427734375 0.296875 0.34912109375 0.28515625 0.3466796875 0.275390625 0.333984375 0.26953125 0.31787109375 0.2744140625 0.31298828125 0.28125 0.3125 0.2861328125 0.318359375 0.291015625 0.32080078125 0.298828125 0.3291015625 0.3046875
3 0.5908203125 0.275390625 0.59521484375 0.2705078125 0.59619140625 0.240234375 0.58349609375 0.2275390625 0.5751953125 0.2275390625 0.56787109375 0.2353515625 0.56005859375 0.259765625 0.560546875 0.265625 0.564453125 0.265625 0.5693359375 0.2734375 0.5908203125 0.275390625
3 0.65673828125 0.283203125 0.66455078125 0.259765625 0.646484375 0.24609375 0.64111328125 0.2470703125 0.6376953125 0.2587890625 0.63671875 0.2763671875 0.638671875 0.2841796875 0.64208984375 0.2861328125 0.65673828125 0.283203125
3 0.40869140625 0.271484375 0.41162109375 0.2509765625 0.4091796875 0.248046875 0.39794921875 0.25 0.38916015625 0.2587890625 0.38818359375 0.263671875 0.39306640625 0.2744140625 0.4013671875 0.2763671875 0.40869140625 0.271484375
3 0.5302734375 0.267578125 0.52880859375 0.251953125 0.5234375 0.25 0.51708984375 0.26171875 0.51708984375 0.2724609375 0.521484375 0.287109375 0.5283203125 0.2822265625 0.5302734375 0.267578125
3 0.26025390625 0.341796875 0.2607421875 0.3271484375 0.2626953125 0.322265625 0.2607421875 0.3134765625 0.25537109375 0.30859375 0.240234375 0.3271484375 0.24072265625 0.353515625 0.2431640625 0.359375 0.24853515625 0.3623046875 0.26025390625 0.341796875
3 0.2958984375 0.302734375 0.29443359375 0.2978515625 0.2900390625 0.2978515625 0.2744140625 0.31640625 0.2744140625 0.333984375 0.28369140625 0.341796875 0.2919921875 0.333984375 0.2958984375 0.302734375