3 0.56005859375 0.4228515625 0.5625 0.4248046875 0.5673828125 0.447265625 0.58056640625 0.458984375 0.5869140625 0.470703125 0.60009765625 0.4697265625 0.6171875 0.4541015625 0.62060546875 0.439453125 0.626953125 0.435546875 0.626953125 0.41796875 0.6240234375 0.41015625 0.6259765625 0.4033203125 0.62158203125 0.3857421875 0.625 0.3798828125 0.6142578125 0.3662109375 0.61572265625 0.361328125 0.61328125 0.3603515625 0.611328125 0.3505859375 0.611328125 0.3369140625 0.61279296875 0.3349609375 0.611328125 0.3310546875 0.59521484375 0.33203125 0.556640625 0.357421875 0.5537109375 0.3671875 0.5546875 0.375 0.55224609375 0.3876953125 0.55712890625 0.4013671875 0.56005859375 0.4228515625
3 0.720703125 0.58984375 0.7265625 0.609375 0.73583984375 0.626953125 0.740234375 0.6259765625 0.77099609375 0.564453125 0.76904296875 0.5595703125 0.78125 0.541015625 0.7802734375 0.521484375 0.77783203125 0.5205078125 0.73388671875 0.521484375 0.71875 0.529296875 0.71630859375 0.541015625 0.71826171875 0.5439453125 0.720703125 0.564453125 0.720703125 0.58984375
3 0.14306640625 0.564453125 0.1533203125 0.5732421875 0.173828125 0.5537109375 0.1748046875 0.5498046875 0.17529296875 0.51171875 0.17333984375 0.5078125 0.17041015625 0.5107421875 0.158203125 0.5 0.14892578125 0.498046875 0.1416015625 0.5068359375 0.13671875 0.5283203125 0.1376953125 0.544921875 0.13427734375 0.548828125 0.13525390625 0.5517578125 0.14306640625 0.564453125
3 0.37841796875 0.6650390625 0.37890625 0.6748046875 0.38427734375 0.6875 0.39990234375 0.6962890625 0.408203125 0.6845703125 0.40625 0.6640625 0.39013671875 0.6318359375 0.39111328125 0.6240234375 0.3935546875 0.623046875 0.396484375 0.611328125 0.39794921875 0.595703125 0.39013671875 0.5908203125 0.37841796875 0.5703125 0.3720703125 0.568359375 0.3603515625 0.580078125 0.35791015625 0.6005859375 0.3583984375 0.619140625 0.3642578125 0.642578125 0.369140625 0.654296875 0.37841796875 0.6650390625
3 0.1591796875 0.3896484375 0.1650390625 0.4091796875 0.17333984375 0.3994140625 0.181640625 0.3974609375 0.189453125 0.4091796875 0.19482421875 0.400390625 0.1943359375 0.3564453125 0.19775390625 0.3369140625 0.19287109375 0.3203125 0.1943359375 0.3125 0.18212890625 0.330078125 0.1728515625 0.3642578125 0.16552734375 0.3798828125 0.15673828125 0.388671875 0.1591796875 0.3896484375
3 0.23193359375 0.3291015625 0.251953125 0.330078125 0.25927734375 0.310546875 0.26318359375 0.291015625 0.259765625 0.2705078125 0.24365234375 0.265625 0.22900390625 0.2734375 0.2236328125 0.279296875 0.22900390625 0.2841796875 0.2275390625 0.3056640625 0.23193359375 0.3291015625
3 0.673828125 0.8154296875 0.6875 0.798828125 0.69775390625 0.7919921875 0.70556640625 0.7939453125 0.7080078125 0.791015625 0.705078125 0.7880859375 0.70556640625 0.771484375 0.70166015625 0.7666015625 0.68115234375 0.767578125 0.66015625 0.779296875 0.6455078125 0.79296875 0.64208984375 0.7998046875 0.640625 0.810546875 0.64697265625 0.8134765625 0.65087890625 0.826171875 0.673828125 0.8154296875
3 0.7060546875 0.7109375 0.7138671875 0.703125 0.72119140625 0.7060546875 0.732421875 0.69921875 0.7373046875 0.693359375 0.73974609375 0.6796875 0.73828125 0.671875 0.732421875 0.662109375 0.72802734375 0.662109375 0.7216796875 0.6728515625 0.71435546875 0.677734375 0.71484375 0.681640625 0.7099609375 0.6845703125 0.70068359375 0.6767578125 0.69482421875 0.68359375 0.6923828125 0.69140625 0.69140625 0.7021484375 0.69677734375 0.70703125 0.70166015625 0.705078125 0.7060546875 0.7109375
3 0.275390625 0.7314453125 0.27880859375 0.7353515625 0.2802734375 0.732421875 0.27490234375 0.693359375 0.2666015625 0.6728515625 0.2548828125 0.6650390625 0.23681640625 0.6767578125 0.236328125 0.6845703125 0.23095703125 0.689453125 0.265625 0.7119140625 0.275390625 0.7314453125
3 0.3359375 0.3759765625 0.33642578125 0.361328125 0.328125 0.33984375 0.31884765625 0.3427734375 0.3125 0.357421875 0.30859375 0.373046875 0.31494140625 0.384765625 0.32666015625 0.3857421875 0.3359375 0.3759765625
3 0.5068359375 0.26171875 0.509765625 0.263671875 0.52783203125 0.236328125 0.525390625 0.2294921875 0.5283203125 0.22265625 0.53515625 0.216796875 0.5263671875 0.2041015625 0.5185546875 0.2001953125 0.46630859375 0.2001953125 0.462890625 0.2041015625 0.46728515625 0.2431640625 0.4873046875 0.2685546875 0.501953125 0.267578125 0.5068359375 0.26171875