0 0.25 0.556640625 0.25537109375 0.58203125 0.26708984375 0.5712890625 0.27587890625 0.5703125 0.2939453125 0.583984375 0.30517578125 0.58203125 0.30908203125 0.5771484375 0.31005859375 0.56640625 0.30615234375 0.5556640625 0.2861328125 0.53125 0.2744140625 0.521484375 0.27392578125 0.5009765625 0.27880859375 0.484375 0.27685546875 0.4736328125 0.2666015625 0.470703125 0.24951171875 0.474609375 0.24560546875 0.4765625 0.2412109375 0.4853515625 0.240234375 0.498046875 0.244140625 0.5205078125 0.25341796875 0.537109375 0.25 0.556640625
0 0.369140625 0.5673828125 0.380859375 0.541015625 0.375 0.5224609375 0.375 0.5166015625 0.3701171875 0.513671875 0.3515625 0.5126953125 0.34716796875 0.5322265625 0.34716796875 0.5439453125 0.35009765625 0.556640625 0.36474609375 0.572265625 0.369140625 0.5673828125
0 0.376953125 0.486328125 0.4013671875 0.4951171875 0.40673828125 0.4921875 0.412109375 0.4833984375 0.41650390625 0.482421875 0.423828125 0.5048828125 0.43896484375 0.5087890625 0.451171875 0.5087890625 0.4580078125 0.4931640625 0.458984375 0.46875 0.45703125 0.4580078125 0.44677734375 0.4384765625 0.4404296875 0.41015625 0.43505859375 0.3984375 0.42724609375 0.3974609375 0.42041015625 0.40234375 0.41455078125 0.3955078125 0.41015625 0.3837890625 0.400390625 0.373046875 0.38818359375 0.3681640625 0.3798828125 0.376953125 0.37255859375 0.40625 0.36572265625 0.419921875 0.36572265625 0.4365234375 0.36865234375 0.443359375 0.37451171875 0.48046875 0.376953125 0.486328125
0 0.533203125 0.4677734375 0.5380859375 0.4150390625 0.53466796875 0.400390625 0.5185546875 0.3603515625 0.50927734375 0.359375 0.49365234375 0.3759765625 0.490234375 0.3837890625 0.48974609375 0.396484375 0.50341796875 0.4306640625 0.52490234375 0.4658203125 0.533203125 0.4677734375
0 0.49072265625 0.509765625 0.4970703125 0.4951171875 0.49755859375 0.484375 0.4931640625 0.4609375 0.490234375 0.455078125 0.48193359375 0.4541015625 0.46826171875 0.4736328125 0.4677734375 0.4873046875 0.4697265625 0.4970703125 0.47802734375 0.509765625 0.49072265625 0.509765625
0 0.40869140625 0.54296875 0.46044921875 0.59375 0.46728515625 0.60546875 0.484375 0.6142578125 0.49169921875 0.6162109375 0.49755859375 0.6123046875 0.50439453125 0.59765625 0.50732421875 0.58203125 0.50634765625 0.5595703125 0.5029296875 0.548828125 0.50341796875 0.5400390625 0.51025390625 0.5322265625 0.505859375 0.5234375 0.48828125 0.5263671875 0.47216796875 0.521484375 0.421875 0.51953125 0.4091796875 0.5126953125 0.39501953125 0.5185546875 0.3857421875 0.51171875 0.3779296875 0.513671875 0.37548828125 0.5185546875 0.3759765625 0.5283203125 0.38134765625 0.5341796875 0.40380859375 0.546875 0.40869140625 0.54296875
0 0.5693359375 0.7294921875 0.572265625 0.720703125 0.57275390625 0.705078125 0.56982421875 0.6923828125 0.5625 0.6875 0.55615234375 0.697265625 0.55712890625 0.705078125 0.5546875 0.7177734375 0.53466796875 0.7197265625 0.53173828125 0.7236328125 0.53173828125 0.7314453125 0.5341796875 0.7373046875 0.5556640625 0.7431640625 0.5693359375 0.7294921875
0 0.64892578125 0.6572265625 0.64892578125 0.630859375 0.646484375 0.626953125 0.6376953125 0.625 0.63232421875 0.6298828125 0.62890625 0.640625 0.62890625 0.654296875 0.634765625 0.6708984375 0.64599609375 0.6650390625 0.64892578125 0.6572265625
0 0.62841796875 0.5888671875 0.626953125 0.5751953125 0.61572265625 0.556640625 0.61083984375 0.55859375 0.60595703125 0.576171875 0.607421875 0.5927734375 0.615234375 0.60546875 0.623046875 0.603515625 0.62841796875 0.5888671875
0 0.60546875 0.52734375 0.59912109375 0.525390625 0.59521484375 0.5283203125 0.59521484375 0.5400390625 0.5966796875 0.5419921875 0.607421875 0.5390625 0.60546875 0.52734375
0 0.63818359375 0.2734375 0.638671875 0.2626953125 0.634765625 0.2578125 0.62353515625 0.2529296875 0.61669921875 0.255859375 0.61767578125 0.2705078125 0.6259765625 0.279296875 0.634765625 0.28125 0.63818359375 0.2734375