0 0.455078125 0.427734375 0.46728515625 0.4296875 0.4814453125 0.4228515625 0.48388671875 0.416015625 0.4814453125 0.39453125 0.4892578125 0.384765625 0.49169921875 0.3740234375 0.4912109375 0.3486328125 0.48681640625 0.333984375 0.4755859375 0.328125 0.4609375 0.3291015625 0.44677734375 0.318359375 0.4384765625 0.330078125 0.43603515625 0.3447265625 0.435546875 0.359375 0.44287109375 0.392578125 0.4541015625 0.4189453125 0.455078125 0.427734375
0 0.1767578125 0.568359375 0.18359375 0.5810546875 0.1875 0.58203125 0.2041015625 0.56640625 0.22314453125 0.5322265625 0.23193359375 0.5224609375 0.23876953125 0.5224609375 0.24462890625 0.517578125 0.25244140625 0.5048828125 0.2626953125 0.4775390625 0.26708984375 0.4736328125 0.28369140625 0.470703125 0.2919921875 0.4619140625 0.3212890625 0.4658203125 0.326171875 0.455078125 0.32666015625 0.4384765625 0.32470703125 0.412109375 0.318359375 0.3759765625 0.314453125 0.3642578125 0.3037109375 0.3515625 0.2978515625 0.349609375 0.28662109375 0.35546875 0.2490234375 0.419921875 0.24169921875 0.4306640625 0.2294921875 0.439453125 0.2255859375 0.458984375 0.2216796875 0.4658203125 0.2001953125 0.462890625 0.19287109375 0.4775390625 0.18994140625 0.4931640625 0.1806640625 0.501953125 0.17333984375 0.5166015625 0.17431640625 0.52734375 0.17822265625 0.53125 0.17529296875 0.5537109375 0.1767578125 0.568359375
0 0.20849609375 0.6572265625 0.21533203125 0.6494140625 0.220703125 0.654296875 0.2353515625 0.6474609375 0.2392578125 0.630859375 0.23583984375 0.6220703125 0.23193359375 0.625 0.224609375 0.6181640625 0.2177734375 0.619140625 0.2021484375 0.6064453125 0.18115234375 0.615234375 0.17626953125 0.62109375 0.17724609375 0.642578125 0.1884765625 0.6572265625 0.19482421875 0.6591796875 0.20849609375 0.6572265625
3 0.52099609375 0.7958984375 0.52490234375 0.7958984375 0.5341796875 0.7841796875 0.54833984375 0.810546875 0.580078125 0.8017578125 0.6103515625 0.775390625 0.6162109375 0.7666015625 0.619140625 0.767578125 0.6142578125 0.7490234375 0.61376953125 0.7412109375 0.6171875 0.7314453125 0.61279296875 0.712890625 0.60546875 0.6923828125 0.595703125 0.6845703125 0.59228515625 0.6875 0.5830078125 0.681640625 0.55908203125 0.6875 0.55517578125 0.69140625 0.55078125 0.703125 0.54345703125 0.7099609375 0.541015625 0.716796875 0.54150390625 0.72265625 0.5380859375 0.728515625 0.53173828125 0.7314453125 0.529296875 0.71875 0.52099609375 0.7197265625 0.51904296875 0.7255859375 0.51318359375 0.728515625 0.51123046875 0.771484375 0.51416015625 0.7783203125 0.51953125 0.7822265625 0.52099609375 0.7958984375
3 0.2998046875 0.705078125 0.306640625 0.6943359375 0.2958984375 0.6728515625 0.2841796875 0.6689453125 0.2705078125 0.6728515625 0.265625 0.681640625 0.26513671875 0.7001953125 0.27392578125 0.71484375 0.2890625 0.7138671875 0.2998046875 0.705078125
3 0.423828125 0.6171875 0.43115234375 0.6005859375 0.43701171875 0.564453125 0.43408203125 0.5634765625 0.43115234375 0.552734375 0.4248046875 0.5458984375 0.40380859375 0.5478515625 0.4013671875 0.552734375 0.39892578125 0.576171875 0.40380859375 0.6103515625 0.4072265625 0.6142578125 0.423828125 0.6171875
3 0.431640625 0.716796875 0.43359375 0.712890625 0.43359375 0.705078125 0.423828125 0.662109375 0.4150390625 0.6611328125 0.4111328125 0.666015625 0.41064453125 0.689453125 0.41552734375 0.7041015625 0.42138671875 0.712890625 0.431640625 0.716796875
3 0.45556640625 0.759765625 0.4697265625 0.7509765625 0.48193359375 0.720703125 0.48681640625 0.7021484375 0.48583984375 0.6982421875 0.484375 0.7021484375 0.48046875 0.7021484375 0.478515625 0.6982421875 0.47900390625 0.69140625 0.47509765625 0.69140625 0.466796875 0.6767578125 0.46240234375 0.67578125 0.458984375 0.6826171875 0.44921875 0.6806640625 0.44384765625 0.6845703125 0.44091796875 0.7158203125 0.4404296875 0.732421875 0.4423828125 0.7451171875 0.447265625 0.75390625 0.45556640625 0.759765625
3 0.34521484375 0.4697265625 0.34716796875 0.458984375 0.3427734375 0.439453125 0.33740234375 0.4345703125 0.328125 0.43359375 0.32763671875 0.451171875 0.3330078125 0.4677734375 0.3349609375 0.470703125 0.34521484375 0.4697265625
3 0.2568359375 0.3291015625 0.25537109375 0.310546875 0.24658203125 0.314453125 0.2421875 0.3251953125 0.2431640625 0.3427734375 0.248046875 0.3447265625 0.251953125 0.341796875 0.2568359375 0.3291015625
3 0.28369140625 0.3115234375 0.283203125 0.3017578125 0.2783203125 0.298828125 0.275390625 0.302734375 0.2724609375 0.3212890625 0.27490234375 0.32421875 0.28125 0.3212890625 0.28369140625 0.3115234375