3 0.26904296875 0.50390625 0.2646484375 0.5302734375 0.26513671875 0.55859375 0.27783203125 0.5810546875 0.2890625 0.580078125 0.29345703125 0.5654296875 0.294921875 0.5400390625 0.3076171875 0.45703125 0.30810546875 0.439453125 0.30078125 0.361328125 0.298828125 0.357421875 0.29296875 0.361328125 0.27880859375 0.361328125 0.2705078125 0.373046875 0.26318359375 0.3955078125 0.26318359375 0.416015625 0.27197265625 0.4384765625 0.27294921875 0.4521484375 0.26904296875 0.50390625
3 0.24658203125 0.4814453125 0.25390625 0.462890625 0.2529296875 0.4423828125 0.248046875 0.421875 0.24462890625 0.4169921875 0.23046875 0.4150390625 0.22705078125 0.4189453125 0.22265625 0.439453125 0.21875 0.443359375 0.21826171875 0.4599609375 0.22607421875 0.4814453125 0.23193359375 0.4892578125 0.24658203125 0.4814453125
3 0.33837890625 0.76171875 0.34521484375 0.76953125 0.35302734375 0.771484375 0.369140625 0.7705078125 0.37109375 0.767578125 0.3662109375 0.7587890625 0.37109375 0.744140625 0.3681640625 0.69140625 0.37060546875 0.673828125 0.3623046875 0.6669921875 0.3544921875 0.669921875 0.34228515625 0.6669921875 0.328125 0.7158203125 0.32763671875 0.7373046875 0.32958984375 0.74609375 0.3349609375 0.751953125 0.33837890625 0.76171875
3 0.35595703125 0.666015625 0.359375 0.671875 0.39794921875 0.6767578125 0.408203125 0.662109375 0.40869140625 0.6357421875 0.38037109375 0.5595703125 0.35009765625 0.5654296875 0.34375 0.5751953125 0.34130859375 0.587890625 0.34130859375 0.6123046875 0.35693359375 0.625 0.35986328125 0.662109375 0.35595703125 0.666015625
3 0.41943359375 0.716796875 0.427734375 0.728515625 0.435546875 0.732421875 0.43798828125 0.724609375 0.447265625 0.716796875 0.44921875 0.7041015625 0.4423828125 0.6728515625 0.4423828125 0.6494140625 0.435546875 0.6337890625 0.4189453125 0.62890625 0.41650390625 0.634765625 0.41845703125 0.658203125 0.4130859375 0.68359375 0.4140625 0.697265625 0.41943359375 0.716796875
3 0.4912109375 0.8056640625 0.48291015625 0.7744140625 0.4560546875 0.7626953125 0.4306640625 0.7685546875 0.431640625 0.8212890625 0.4521484375 0.8173828125 0.46728515625 0.8212890625 0.4912109375 0.8056640625
3 0.50146484375 0.759765625 0.50927734375 0.7822265625 0.51318359375 0.787109375 0.521484375 0.7822265625 0.5439453125 0.7841796875 0.55810546875 0.7783203125 0.56201171875 0.748046875 0.55615234375 0.7255859375 0.53564453125 0.68359375 0.51220703125 0.6826171875 0.498046875 0.6875 0.48193359375 0.7021484375 0.47900390625 0.708984375 0.47998046875 0.7265625 0.48974609375 0.7421875 0.5 0.74609375 0.50146484375 0.759765625
3 0.61181640625 0.8369140625 0.6220703125 0.837890625 0.64892578125 0.8291015625 0.6484375 0.8134765625 0.64599609375 0.8037109375 0.64892578125 0.775390625 0.6474609375 0.7607421875 0.64208984375 0.7470703125 0.63037109375 0.7451171875 0.62353515625 0.7490234375 0.61376953125 0.765625 0.61279296875 0.7724609375 0.6103515625 0.8037109375 0.6142578125 0.8203125 0.61083984375 0.8330078125 0.61181640625 0.8369140625
3 0.51318359375 0.626953125 0.537109375 0.6796875 0.54443359375 0.6904296875 0.546875 0.6865234375 0.5595703125 0.68359375 0.5654296875 0.6865234375 0.57568359375 0.681640625 0.57763671875 0.6708984375 0.6005859375 0.626953125 0.595703125 0.5966796875 0.57861328125 0.5380859375 0.54248046875 0.53125 0.490234375 0.5341796875 0.4873046875 0.5361328125 0.50341796875 0.603515625 0.51123046875 0.61328125 0.51318359375 0.626953125
3 0.6416015625 0.5126953125 0.6396484375 0.48828125 0.642578125 0.482421875 0.6416015625 0.4697265625 0.646484375 0.447265625 0.64794921875 0.4228515625 0.64404296875 0.4169921875 0.62939453125 0.4208984375 0.6201171875 0.4111328125 0.61669921875 0.4140625 0.607421875 0.4111328125 0.59130859375 0.451171875 0.576171875 0.51171875 0.57568359375 0.5224609375 0.58056640625 0.5234375 0.64501953125 0.525390625 0.6416015625 0.5126953125
3 0.65478515625 0.421875 0.67822265625 0.423828125 0.68798828125 0.416015625 0.6904296875 0.419921875 0.69580078125 0.40625 0.705078125 0.3974609375 0.70947265625 0.3662109375 0.70458984375 0.3505859375 0.6953125 0.345703125 0.68408203125 0.3291015625 0.6630859375 0.33984375 0.65576171875 0.3544921875 0.65283203125 0.375 0.6533203125 0.3974609375 0.65087890625 0.4111328125 0.65234375 0.4189453125 0.65478515625 0.421875
3 0.62109375 0.57421875 0.6318359375 0.591796875 0.64306640625 0.5908203125 0.6611328125 0.595703125 0.669921875 0.5947265625 0.67626953125 0.5888671875 0.6806640625 0.5888671875 0.6845703125 0.5947265625 0.71337890625 0.58984375 0.7197265625 0.583984375 0.73779296875 0.5517578125 0.72412109375 0.5439453125 0.64013671875 0.5361328125 0.6220703125 0.5390625 0.61865234375 0.5517578125 0.61962890625 0.5576171875 0.6181640625 0.5595703125 0.62060546875 0.5634765625 0.62109375 0.57421875
3 0.703125 0.7724609375 0.71240234375 0.767578125 0.71923828125 0.7470703125 0.7138671875 0.7216796875 0.70458984375 0.7216796875 0.70166015625 0.7177734375 0.693359375 0.7255859375 0.689453125 0.7412109375 0.68896484375 0.75 0.6923828125 0.76171875 0.6953125 0.767578125 0.703125 0.7724609375
3 0.4189453125 0.4384765625 0.4189453125 0.4560546875 0.42724609375 0.4873046875 0.43896484375 0.4970703125 0.44775390625 0.4931640625 0.453125 0.4970703125 0.4541015625 0.5029296875 0.46240234375 0.5 0.462890625 0.4765625 0.46630859375 0.462890625 0.46484375 0.4501953125 0.470703125 0.419921875 0.46728515625 0.412109375 0.46875 0.408203125 0.4638671875 0.4033203125 0.46337890625 0.3876953125 0.46142578125 0.384765625 0.4638671875 0.373046875 0.46435546875 0.3408203125 0.453125 0.3271484375 0.43505859375 0.3193359375 0.423828125 0.35546875 0.4228515625 0.3740234375 0.416015625 0.392578125 0.41943359375 0.41796875 0.423828125 0.427734375 0.4228515625 0.43359375 0.4189453125 0.4384765625
3 0.36328125 0.509765625 0.36572265625 0.529296875 0.3720703125 0.5400390625 0.37646484375 0.5400390625 0.38134765625 0.5361328125 0.38330078125 0.525390625 0.38671875 0.51953125 0.39306640625 0.5234375 0.3955078125 0.5166015625 0.39404296875 0.513671875 0.396484375 0.5087890625 0.39453125 0.505859375 0.3955078125 0.5 0.3916015625 0.478515625 0.40576171875 0.4130859375 0.4208984375 0.361328125 0.4306640625 0.318359375 0.43212890625 0.2939453125 0.42529296875 0.26171875 0.41259765625 0.2451171875 0.40380859375 0.2470703125 0.388671875 0.259765625 0.38525390625 0.275390625 0.38134765625 0.2822265625 0.37890625 0.298828125 0.380859375 0.3056640625 0.37841796875 0.3173828125 0.37255859375 0.3212890625 0.36474609375 0.3466796875 0.36279296875 0.3701171875 0.36279296875 0.404296875 0.3662109375 0.4248046875 0.36279296875 0.4677734375 0.36328125 0.509765625
3 0.45751953125 0.2509765625 0.47802734375 0.2080078125 0.47607421875 0.203125 0.46826171875 0.201171875 0.45068359375 0.205078125 0.44287109375 0.2119140625 0.44287109375 0.244140625 0.447265625 0.263671875 0.45068359375 0.2626953125 0.45751953125 0.2509765625
3 0.47021484375 0.28515625 0.47265625 0.271484375 0.4716796875 0.2626953125 0.4638671875 0.2548828125 0.45654296875 0.255859375 0.4501953125 0.2646484375 0.44873046875 0.2724609375 0.451171875 0.2822265625 0.4609375 0.291015625 0.47021484375 0.28515625
3 0.52880859375 0.38671875 0.533203125 0.3876953125 0.5458984375 0.376953125 0.5458984375 0.3720703125 0.5517578125 0.3642578125 0.56298828125 0.3798828125 0.56689453125 0.376953125 0.56689453125 0.3603515625 0.56494140625 0.3583984375 0.57177734375 0.3330078125 0.57958984375 0.3251953125 0.58251953125 0.306640625 0.57861328125 0.265625 0.5703125 0.2470703125 0.568359375 0.24609375 0.56298828125 0.255859375 0.5498046875 0.2890625 0.54345703125 0.2939453125 0.5419921875 0.30078125 0.5341796875 0.310546875 0.50390625 0.39453125 0.50439453125 0.40234375 0.5166015625 0.4013671875 0.52490234375 0.39453125 0.52880859375 0.38671875
3 0.60888671875 0.2333984375 0.62646484375 0.240234375 0.63671875 0.2353515625 0.640625 0.224609375 0.64013671875 0.2001953125 0.63671875 0.193359375 0.623046875 0.181640625 0.6044921875 0.2001953125 0.6064453125 0.203125 0.60400390625 0.2197265625 0.60546875 0.228515625 0.60888671875 0.2333984375
3 0.87890625 0.4521484375 0.88525390625 0.470703125 0.88671875 0.484375 0.89697265625 0.498046875 0.90576171875 0.5 0.908203125 0.5048828125 0.91552734375 0.50390625 0.9287109375 0.4931640625 0.92724609375 0.4775390625 0.90673828125 0.451171875 0.89111328125 0.4423828125 0.869140625 0.4404296875 0.8681640625 0.443359375 0.87255859375 0.4482421875 0.87548828125 0.4453125 0.87890625 0.4521484375
3 0.6181640625 0.654296875 0.62548828125 0.6455078125 0.62890625 0.630859375 0.626953125 0.603515625 0.61669921875 0.5986328125 0.6044921875 0.6015625 0.603515625 0.607421875 0.607421875 0.6337890625 0.61376953125 0.6513671875 0.6181640625 0.654296875
3 0.71533203125 0.517578125 0.71435546875 0.5087890625 0.716796875 0.494140625 0.71484375 0.4453125 0.7158203125 0.4375 0.72119140625 0.4345703125 0.71826171875 0.4267578125 0.7216796875 0.4189453125 0.71826171875 0.404296875 0.71630859375 0.404296875 0.7119140625 0.4208984375 0.6875 0.4775390625 0.67529296875 0.5126953125 0.67333984375 0.533203125 0.7060546875 0.537109375 0.71142578125 0.5302734375 0.71533203125 0.517578125
3 0.720703125 0.4541015625 0.7412109375 0.4580078125 0.74462890625 0.4541015625 0.74853515625 0.4404296875 0.7490234375 0.423828125 0.7392578125 0.4091796875 0.72900390625 0.38671875 0.724609375 0.3857421875 0.716796875 0.40234375 0.71240234375 0.4189453125 0.7109375 0.4287109375 0.71875 0.4443359375 0.71826171875 0.4501953125 0.720703125 0.4541015625