3 0.42822265625 0.763671875 0.439453125 0.763671875 0.4423828125 0.751953125 0.44189453125 0.7177734375 0.43310546875 0.6904296875 0.41748046875 0.6884765625 0.40771484375 0.6767578125 0.40380859375 0.6767578125 0.3935546875 0.6845703125 0.38671875 0.705078125 0.3837890625 0.736328125 0.39501953125 0.7529296875 0.42041015625 0.76953125 0.42822265625 0.763671875
3 0.517578125 0.7001953125 0.5205078125 0.705078125 0.52978515625 0.70703125 0.53662109375 0.712890625 0.5546875 0.712890625 0.55908203125 0.70703125 0.5654296875 0.7080078125 0.56396484375 0.6962890625 0.55859375 0.6884765625 0.541015625 0.6376953125 0.53271484375 0.6201171875 0.517578125 0.625 0.5126953125 0.6494140625 0.51171875 0.6669921875 0.513671875 0.689453125 0.51708984375 0.693359375 0.517578125 0.7001953125
3 0.671875 0.705078125 0.6796875 0.703125 0.68359375 0.6962890625 0.68359375 0.677734375 0.67431640625 0.662109375 0.654296875 0.6572265625 0.65087890625 0.6630859375 0.6484375 0.677734375 0.6455078125 0.681640625 0.65185546875 0.6962890625 0.671875 0.705078125
3 0.49169921875 0.2705078125 0.51025390625 0.248046875 0.5107421875 0.2392578125 0.505859375 0.234375 0.49658203125 0.236328125 0.4912109375 0.232421875 0.490234375 0.2275390625 0.47802734375 0.228515625 0.47216796875 0.232421875 0.46337890625 0.2509765625 0.46142578125 0.2783203125 0.46484375 0.2978515625 0.47021484375 0.3134765625 0.49169921875 0.2705078125
3 0.53564453125 0.3154296875 0.529296875 0.2919921875 0.52197265625 0.2939453125 0.5185546875 0.302734375 0.513671875 0.306640625 0.513671875 0.3173828125 0.521484375 0.328125 0.53271484375 0.322265625 0.53564453125 0.3154296875
3 0.5078125 0.376953125 0.5087890625 0.3662109375 0.51318359375 0.361328125 0.51220703125 0.349609375 0.509765625 0.3447265625 0.4951171875 0.3427734375 0.4892578125 0.3525390625 0.48974609375 0.3740234375 0.49365234375 0.3837890625 0.49951171875 0.3837890625 0.5078125 0.376953125
3 0.38330078125 0.3447265625 0.37841796875 0.3388671875 0.373046875 0.341796875 0.36474609375 0.3388671875 0.359375 0.3447265625 0.35595703125 0.3603515625 0.35693359375 0.384765625 0.361328125 0.3984375 0.3701171875 0.3837890625 0.38330078125 0.3447265625
3 0.39453125 0.447265625 0.400390625 0.435546875 0.400390625 0.41796875 0.39794921875 0.4111328125 0.3916015625 0.4091796875 0.3837890625 0.4189453125 0.3798828125 0.4296875 0.37841796875 0.443359375 0.38427734375 0.4521484375 0.38916015625 0.4521484375 0.39453125 0.447265625
3 0.34814453125 0.423828125 0.34814453125 0.4072265625 0.345703125 0.3916015625 0.33251953125 0.390625 0.32421875 0.400390625 0.32568359375 0.423828125 0.33740234375 0.43359375 0.34423828125 0.431640625 0.34814453125 0.423828125
3 0.6962890625 0.4296875 0.68994140625 0.4208984375 0.6728515625 0.4189453125 0.6689453125 0.423828125 0.6669921875 0.4453125 0.6669921875 0.466796875 0.68115234375 0.47265625 0.68896484375 0.4580078125 0.6962890625 0.4296875
3 0.18212890625 0.3740234375 0.18359375 0.3623046875 0.181640625 0.349609375 0.1767578125 0.3447265625 0.1689453125 0.3525390625 0.14697265625 0.388671875 0.142578125 0.404296875 0.1630859375 0.408203125 0.1728515625 0.400390625 0.18212890625 0.3740234375