3 0.39111328125 0.5166015625 0.396484375 0.5234375 0.40478515625 0.521484375 0.412109375 0.509765625 0.41455078125 0.498046875 0.4130859375 0.484375 0.41455078125 0.4599609375 0.42236328125 0.46484375 0.4306640625 0.462890625 0.43896484375 0.458984375 0.443359375 0.447265625 0.43603515625 0.42578125 0.4287109375 0.4189453125 0.3974609375 0.4228515625 0.3798828125 0.4208984375 0.36767578125 0.42578125 0.365234375 0.431640625 0.365234375 0.447265625 0.3740234375 0.4892578125 0.3876953125 0.50390625 0.39111328125 0.5166015625
3 0.28173828125 0.5625 0.291015625 0.5595703125 0.29541015625 0.5517578125 0.3046875 0.515625 0.31103515625 0.5126953125 0.31103515625 0.5087890625 0.29931640625 0.48828125 0.2919921875 0.4833984375 0.2744140625 0.478515625 0.265625 0.482421875 0.26025390625 0.4921875 0.25830078125 0.5 0.259765625 0.5322265625 0.26611328125 0.548828125 0.28173828125 0.5625
3 0.2490234375 0.7529296875 0.248046875 0.7607421875 0.26318359375 0.7666015625 0.265625 0.775390625 0.27099609375 0.783203125 0.28271484375 0.7724609375 0.29833984375 0.7685546875 0.30029296875 0.7646484375 0.30859375 0.701171875 0.30517578125 0.6884765625 0.29541015625 0.685546875 0.29052734375 0.6923828125 0.2880859375 0.6875 0.27734375 0.6826171875 0.27392578125 0.671875 0.2666015625 0.6669921875 0.255859375 0.671875 0.25146484375 0.6943359375 0.25146484375 0.7060546875 0.25732421875 0.732421875 0.24755859375 0.7509765625 0.2490234375 0.7529296875
3 0.68212890625 0.7490234375 0.6875 0.7392578125 0.68896484375 0.7236328125 0.67724609375 0.7041015625 0.66943359375 0.705078125 0.66552734375 0.7158203125 0.66015625 0.720703125 0.65771484375 0.740234375 0.662109375 0.75 0.673828125 0.7548828125 0.68212890625 0.7490234375
3 0.71630859375 0.3935546875 0.720703125 0.40234375 0.72265625 0.4140625 0.71923828125 0.419921875 0.72216796875 0.4326171875 0.74951171875 0.4228515625 0.76416015625 0.408203125 0.767578125 0.412109375 0.77587890625 0.404296875 0.77587890625 0.3896484375 0.77783203125 0.3857421875 0.783203125 0.390625 0.78662109375 0.384765625 0.783203125 0.365234375 0.78076171875 0.3681640625 0.77685546875 0.3662109375 0.7744140625 0.357421875 0.763671875 0.34375 0.74169921875 0.341796875 0.72900390625 0.3466796875 0.708984375 0.3388671875 0.7041015625 0.34375 0.703125 0.3544921875 0.7060546875 0.3681640625 0.712890625 0.3779296875 0.71630859375 0.3935546875
3 0.49853515625 0.5107421875 0.50146484375 0.505859375 0.5029296875 0.4951171875 0.51025390625 0.484375 0.509765625 0.4765625 0.4990234375 0.4619140625 0.48974609375 0.4619140625 0.482421875 0.4716796875 0.4794921875 0.4853515625 0.48046875 0.4892578125 0.494140625 0.5107421875 0.49853515625 0.5107421875
3 0.53759765625 0.4931640625 0.541015625 0.4814453125 0.5400390625 0.4658203125 0.5361328125 0.455078125 0.5322265625 0.451171875 0.52099609375 0.4521484375 0.51611328125 0.462890625 0.515625 0.4814453125 0.52294921875 0.4921875 0.53369140625 0.4970703125 0.53759765625 0.4931640625
3 0.845703125 0.240234375 0.84765625 0.2353515625 0.84716796875 0.2177734375 0.841796875 0.2080078125 0.8310546875 0.2109375 0.8251953125 0.2197265625 0.82421875 0.2333984375 0.82666015625 0.2392578125 0.841796875 0.2412109375 0.845703125 0.240234375
3 0.12646484375 0.72265625 0.1328125 0.720703125 0.13037109375 0.6875 0.14013671875 0.6865234375 0.14697265625 0.662109375 0.14697265625 0.6552734375 0.14013671875 0.6318359375 0.142578125 0.6103515625 0.12548828125 0.6298828125 0.1259765625 0.6396484375 0.1240234375 0.646484375 0.10791015625 0.6669921875 0.1083984375 0.6865234375 0.0986328125 0.705078125 0.0986328125 0.7109375 0.12646484375 0.72265625
3 0.1796875 0.615234375 0.1787109375 0.609375 0.1689453125 0.6025390625 0.1640625 0.5947265625 0.15771484375 0.59765625 0.15380859375 0.6298828125 0.15185546875 0.6337890625 0.15283203125 0.63671875 0.1796875 0.615234375
3 0.17724609375 0.7138671875 0.1875 0.68359375 0.181640625 0.66796875 0.16455078125 0.6689453125 0.16162109375 0.673828125 0.15771484375 0.693359375 0.154296875 0.6962890625 0.15234375 0.708984375 0.15478515625 0.716796875 0.169921875 0.7197265625 0.17724609375 0.7138671875
3 0.36962890625 0.5947265625 0.37841796875 0.5859375 0.37841796875 0.5537109375 0.3740234375 0.537109375 0.3681640625 0.537109375 0.35498046875 0.5517578125 0.3564453125 0.568359375 0.353515625 0.5859375 0.35498046875 0.5947265625 0.36962890625 0.5947265625
3 0.47021484375 0.5986328125 0.4697265625 0.5751953125 0.46630859375 0.564453125 0.45751953125 0.5673828125 0.45458984375 0.578125 0.45263671875 0.587890625 0.45458984375 0.607421875 0.46240234375 0.609375 0.47021484375 0.5986328125
3 0.51611328125 0.3984375 0.52490234375 0.4140625 0.52880859375 0.41015625 0.53564453125 0.412109375 0.54150390625 0.4091796875 0.54296875 0.396484375 0.53564453125 0.384765625 0.53173828125 0.3701171875 0.533203125 0.3486328125 0.517578125 0.3271484375 0.51220703125 0.328125 0.509765625 0.3349609375 0.5087890625 0.3583984375 0.51220703125 0.3759765625 0.5166015625 0.38671875 0.51611328125 0.3984375
3 0.63134765625 0.4404296875 0.6357421875 0.435546875 0.6376953125 0.4189453125 0.63427734375 0.39453125 0.61962890625 0.3955078125 0.615234375 0.400390625 0.61376953125 0.4072265625 0.61328125 0.4228515625 0.61669921875 0.435546875 0.62255859375 0.4404296875 0.63134765625 0.4404296875
2 0.46044921875 0.314453125 0.462890625 0.3095703125 0.46337890625 0.2978515625 0.45947265625 0.283203125 0.45068359375 0.28125 0.43701171875 0.2939453125 0.43212890625 0.306640625 0.43212890625 0.314453125 0.43505859375 0.322265625 0.4443359375 0.330078125 0.46044921875 0.314453125
2 0.67333984375 0.3740234375 0.68115234375 0.375 0.69140625 0.3642578125 0.689453125 0.337890625 0.67529296875 0.310546875 0.66650390625 0.30078125 0.6611328125 0.2998046875 0.65380859375 0.314453125 0.65283203125 0.33203125 0.6552734375 0.3447265625 0.666015625 0.3662109375 0.67333984375 0.3740234375
2 0.21630859375 0.583984375 0.228515625 0.5673828125 0.23095703125 0.548828125 0.23046875 0.537109375 0.2275390625 0.5322265625 0.20458984375 0.5166015625 0.19921875 0.5205078125 0.19384765625 0.541015625 0.193359375 0.548828125 0.1962890625 0.556640625 0.20849609375 0.5703125 0.21630859375 0.583984375
2 0.59619140625 0.345703125 0.60693359375 0.33203125 0.6175131828125 0.3076171875 0.623046875 0.3076171875 0.63427734375 0.318359375 0.638671875 0.318359375 0.6435546875 0.310546875 0.64404296875 0.2998046875 0.6201171875 0.251953125 0.61083984375 0.23828125 0.5986328125 0.228515625 0.587890625 0.2275390625 0.58447265625 0.23046875 0.58154296875 0.2392578125 0.5849609375 0.251953125 0.58349609375 0.2744140625 0.57958984375 0.2802734375 0.56640625 0.2841796875 0.56103515625 0.3134765625 0.56103515625 0.3203125 0.572265625 0.3369140625 0.58447265625 0.3447265625 0.59619140625 0.345703125