3 0.5791015625 0.5810546875 0.5925639640625 0.576171875 0.62060546875 0.578125 0.6318359375 0.5732421875 0.634765625 0.5634765625 0.63037109375 0.525390625 0.62451171875 0.505859375 0.61474609375 0.498046875 0.607421875 0.48046875 0.60302734375 0.4755859375 0.5947265625 0.478515625 0.5859375 0.494140625 0.5849609375 0.537109375 0.5751953125 0.5341796875 0.55908203125 0.548828125 0.55859375 0.5556640625 0.5634765625 0.5712890625 0.5693359375 0.578125 0.5791015625 0.5810546875
3 0.70068359375 0.32421875 0.70361328125 0.3203125 0.7119140625 0.326171875 0.71923828125 0.3232421875 0.73291015625 0.3310546875 0.7412109375 0.330078125 0.7470703125 0.3134765625 0.7509765625 0.271484375 0.75634765625 0.2607421875 0.76611328125 0.25390625 0.7685546875 0.2421875 0.765625 0.234375 0.736328125 0.2294921875 0.7314453125 0.216796875 0.72802734375 0.2138671875 0.71826171875 0.224609375 0.70068359375 0.2333984375 0.6962890625 0.2470703125 0.69775390625 0.25390625 0.6943359375 0.259765625 0.6923828125 0.2783203125 0.69140625 0.302734375 0.6953125 0.3125 0.7001953125 0.31640625 0.70068359375 0.32421875
3 0.8271484375 0.2978515625 0.822265625 0.294921875 0.818359375 0.298828125 0.818359375 0.3037109375 0.81396484375 0.310546875 0.814453125 0.3251953125 0.83154296875 0.326171875 0.83447265625 0.322265625 0.8271484375 0.2978515625
3 0.8427734375 0.3212890625 0.8388671875 0.3291015625 0.83837890625 0.3369140625 0.83349609375 0.3369140625 0.83740234375 0.3427734375 0.84326171875 0.3388671875 0.84765625 0.3525390625 0.8466796875 0.3544921875 0.83056640625 0.3720703125 0.82373046875 0.3671875 0.814453125 0.3720703125 0.814453125 0.380859375 0.82177734375 0.3984375 0.8251953125 0.4013671875 0.83056640625 0.3994140625 0.837890625 0.4111328125 0.84521484375 0.4091796875 0.85498046875 0.392578125 0.87255859375 0.3720703125 0.90673828125 0.349609375 0.9140625 0.294921875 0.89111328125 0.2822265625 0.86669921875 0.2744140625 0.83740234375 0.2705078125 0.85009765625 0.2734375 0.8583984375 0.2958984375 0.8515625 0.3193359375 0.8427734375 0.3212890625
3 0.484375 0.53125 0.48388671875 0.5166015625 0.47119140625 0.5048828125 0.4638671875 0.5048828125 0.45947265625 0.5166015625 0.45947265625 0.5322265625 0.46630859375 0.5478515625 0.4775390625 0.5478515625 0.484375 0.53125
3 0.4814453125 0.669921875 0.48681640625 0.669921875 0.48876953125 0.6650390625 0.48974609375 0.634765625 0.48681640625 0.6201171875 0.48291015625 0.6123046875 0.484375 0.6005859375 0.47607421875 0.5830078125 0.4716796875 0.5791015625 0.46044921875 0.5869140625 0.45703125 0.59375 0.4580078125 0.6064453125 0.46923828125 0.623046875 0.466796875 0.650390625 0.4814453125 0.669921875
2 0.34375 0.6923828125 0.34619140625 0.6845703125 0.34716796875 0.6689453125 0.34375 0.650390625 0.3388671875 0.6396484375 0.32275390625 0.623046875 0.31494140625 0.6259765625 0.30712890625 0.63671875 0.3095703125 0.662109375 0.31982421875 0.6845703125 0.33642578125 0.701171875 0.34375 0.6923828125
2 0.27099609375 0.646484375 0.2880859375 0.6572265625 0.2939453125 0.6533203125 0.29345703125 0.6357421875 0.28564453125 0.6240234375 0.27392578125 0.5927734375 0.2470703125 0.58984375 0.2421875 0.59375 0.24072265625 0.6015625 0.24169921875 0.634765625 0.25146484375 0.654296875 0.2646484375 0.654296875 0.27099609375 0.646484375
2 0.40869140625 0.7705078125 0.41357421875 0.7685546875 0.4169921875 0.7607421875 0.41455078125 0.7431640625 0.416015625 0.724609375 0.43115234375 0.716796875 0.4345703125 0.7109375 0.439453125 0.6767578125 0.4267578125 0.6611328125 0.416015625 0.654296875 0.40380859375 0.65234375 0.392578125 0.66796875 0.3857421875 0.6875 0.376953125 0.69140625 0.36572265625 0.6806640625 0.35888671875 0.6826171875 0.3564453125 0.6875 0.3564453125 0.7001953125 0.376953125 0.7421875 0.388671875 0.759765625 0.40869140625 0.7705078125
2 0.56787109375 0.6904296875 0.56494140625 0.6767578125 0.556640625 0.6689453125 0.537109375 0.6884765625 0.5380859375 0.7099609375 0.5439453125 0.7177734375 0.55908203125 0.7080078125 0.56787109375 0.6904296875
2 0.75634765625 0.568359375 0.75537109375 0.5546875 0.75048828125 0.546875 0.73974609375 0.5458984375 0.73583984375 0.5517578125 0.73583984375 0.5654296875 0.73974609375 0.5751953125 0.75 0.576171875 0.75634765625 0.568359375
3 0.8056640625 0.4560546875 0.8037109375 0.443359375 0.78271484375 0.4150390625 0.77197265625 0.4306640625 0.76953125 0.4384765625 0.76953125 0.462890625 0.7900390625 0.48046875 0.798828125 0.48046875 0.8056640625 0.4560546875
3 0.34423828125 0.5048828125 0.34375 0.4736328125 0.3388671875 0.46875 0.3349609375 0.4716796875 0.3193359375 0.517578125 0.318359375 0.5244140625 0.322265625 0.525390625 0.341796875 0.5166015625 0.34423828125 0.5048828125
3 0.38623046875 0.5947265625 0.38623046875 0.576171875 0.3818359375 0.5634765625 0.3720703125 0.5576171875 0.365234375 0.5595703125 0.361328125 0.56640625 0.36181640625 0.5908203125 0.365234375 0.5986328125 0.37841796875 0.6005859375 0.38623046875 0.5947265625
3 0.1748046875 0.7802734375 0.17578125 0.763671875 0.17333984375 0.759765625 0.15380859375 0.7587890625 0.1513671875 0.7626953125 0.1513671875 0.78125 0.15771484375 0.7919921875 0.16748046875 0.7900390625 0.1748046875 0.7802734375