3 0.56640625 0.4638671875 0.57177734375 0.5009765625 0.57958984375 0.517578125 0.63720703125 0.51953125 0.6484375 0.5166015625 0.65380859375 0.509765625 0.65087890625 0.4921875 0.63623046875 0.4453125 0.615234375 0.3876953125 0.60693359375 0.373046875 0.60302734375 0.373046875 0.60302734375 0.37890625 0.59521484375 0.3857421875 0.59130859375 0.380859375 0.57763671875 0.3876953125 0.57421875 0.4033203125 0.578125 0.4111328125 0.57470703125 0.4150390625 0.57470703125 0.427734375 0.572265625 0.43359375 0.5654296875 0.4375 0.56103515625 0.4228515625 0.55517578125 0.4267578125 0.552734375 0.4228515625 0.55517578125 0.427734375 0.55615234375 0.443359375 0.5595703125 0.4560546875 0.56640625 0.4638671875
3 0.53759765625 0.541015625 0.5322265625 0.537109375 0.50927734375 0.544921875 0.50390625 0.560546875 0.50244140625 0.5751953125 0.50390625 0.58984375 0.51708984375 0.607421875 0.53759765625 0.541015625
3 0.46044921875 0.736328125 0.46923828125 0.7177734375 0.462890625 0.6904296875 0.45263671875 0.6796875 0.44580078125 0.685546875 0.44189453125 0.7001953125 0.44091796875 0.7138671875 0.44189453125 0.7216796875 0.4404296875 0.728515625 0.45361328125 0.740234375 0.46044921875 0.736328125
3 0.4189453125 0.8232421875 0.43359375 0.8095703125 0.4345703125 0.7978515625 0.439453125 0.794921875 0.439453125 0.7861328125 0.4365234375 0.78125 0.43310546875 0.755859375 0.42724609375 0.7431640625 0.419921875 0.7412109375 0.41259765625 0.74609375 0.40673828125 0.763671875 0.4072265625 0.76953125 0.404296875 0.7744140625 0.404296875 0.798828125 0.4111328125 0.8154296875 0.4150390625 0.81640625 0.4189453125 0.8232421875
3 0.23095703125 0.6298828125 0.2314453125 0.658203125 0.23779296875 0.6572265625 0.23974609375 0.6669921875 0.25927734375 0.6845703125 0.265625 0.681640625 0.26806640625 0.669921875 0.26416015625 0.595703125 0.2587890625 0.5859375 0.24462890625 0.58203125 0.232421875 0.5927734375 0.22998046875 0.5986328125 0.228515625 0.607421875 0.23046875 0.6142578125 0.228515625 0.623046875 0.23095703125 0.6298828125
3 0.451171875 0.513671875 0.44482421875 0.4853515625 0.4423828125 0.482421875 0.443359375 0.478515625 0.43603515625 0.462890625 0.43017578125 0.4658203125 0.4267578125 0.4619140625 0.41943359375 0.4677734375 0.4091796875 0.5078125 0.41064453125 0.5263671875 0.42529296875 0.5322265625 0.447265625 0.529296875 0.451171875 0.513671875
3 0.4326171875 0.3525390625 0.439453125 0.3408203125 0.44140625 0.330078125 0.43994140625 0.3251953125 0.443359375 0.2978515625 0.4404296875 0.267578125 0.43310546875 0.263671875 0.41943359375 0.267578125 0.416015625 0.2705078125 0.4111328125 0.283203125 0.412109375 0.3125 0.41796875 0.3330078125 0.427734375 0.3515625 0.4326171875 0.3525390625
3 0.509765625 0.3291015625 0.5146484375 0.326171875 0.52294921875 0.2802734375 0.5205078125 0.2548828125 0.51318359375 0.2412109375 0.50537109375 0.2373046875 0.498046875 0.2373046875 0.490234375 0.2431640625 0.4892578125 0.2470703125 0.4892578125 0.267578125 0.486328125 0.2783203125 0.50537109375 0.3251953125 0.509765625 0.3291015625
3 0.5751953125 0.384765625 0.5810546875 0.3857421875 0.59423828125 0.376953125 0.59912109375 0.36328125 0.6025390625 0.361328125 0.5947265625 0.3232421875 0.583984375 0.3046875 0.5751953125 0.3037109375 0.56787109375 0.3076171875 0.55712890625 0.3251953125 0.55419921875 0.341796875 0.56005859375 0.3623046875 0.56591796875 0.376953125 0.5751953125 0.384765625
3 0.6572265625 0.400390625 0.6552734375 0.408203125 0.6572265625 0.4140625 0.658203125 0.4345703125 0.662109375 0.44140625 0.666015625 0.44140625 0.66748046875 0.447265625 0.6806640625 0.4521484375 0.6875 0.4482421875 0.69677734375 0.435546875 0.697265625 0.4267578125 0.6904296875 0.4013671875 0.68408203125 0.361328125 0.67822265625 0.35546875 0.669921875 0.3251953125 0.65380859375 0.306640625 0.64453125 0.3134765625 0.642578125 0.326171875 0.65380859375 0.3818359375 0.654296875 0.392578125 0.6572265625 0.400390625
3 0.8046875 0.501953125 0.822265625 0.5009765625 0.83984375 0.4921875 0.84033203125 0.486328125 0.830078125 0.4521484375 0.83056640625 0.4404296875 0.82861328125 0.439453125 0.82958984375 0.4169921875 0.8251953125 0.4150390625 0.82373046875 0.42578125 0.8203125 0.4287109375 0.80908203125 0.4111328125 0.79833984375 0.404296875 0.79443359375 0.4150390625 0.796875 0.4208984375 0.79345703125 0.4365234375 0.78759765625 0.439453125 0.787109375 0.45703125 0.79248046875 0.4697265625 0.79541015625 0.4853515625 0.8046875 0.501953125
3 0.3720703125 0.2509765625 0.376953125 0.240234375 0.37548828125 0.208984375 0.35009765625 0.1953125 0.33740234375 0.2080078125 0.3369140625 0.2236328125 0.34130859375 0.2294921875 0.3486328125 0.2314453125 0.3720703125 0.2509765625