3 0.423828125 0.3857421875 0.439453125 0.373046875 0.43896484375 0.3662109375 0.44580078125 0.341796875 0.44140625 0.3193359375 0.4423828125 0.3056640625 0.439453125 0.298828125 0.4365234375 0.30078125 0.4267578125 0.2939453125 0.419921875 0.2958984375 0.404296875 0.326171875 0.40087890625 0.3408203125 0.40380859375 0.37109375 0.4189453125 0.3857421875 0.423828125 0.3857421875
3 0.38525390625 0.5234375 0.3916015625 0.529296875 0.400390625 0.529296875 0.423828125 0.5224609375 0.42578125 0.5185546875 0.42431640625 0.509765625 0.42724609375 0.5009765625 0.43115234375 0.47265625 0.42724609375 0.46875 0.42431640625 0.44921875 0.40869140625 0.3876953125 0.40576171875 0.390625 0.39599609375 0.380859375 0.388671875 0.3798828125 0.35302734375 0.48046875 0.35302734375 0.5009765625 0.35546875 0.515625 0.37255859375 0.5244140625 0.38525390625 0.5234375
3 0.4951171875 0.5791015625 0.4912109375 0.5517578125 0.47998046875 0.5419921875 0.46826171875 0.54296875 0.46875 0.556640625 0.48193359375 0.6025390625 0.49169921875 0.5947265625 0.4951171875 0.5791015625
3 0.5439453125 0.740234375 0.548828125 0.740234375 0.55810546875 0.7294921875 0.55712890625 0.7021484375 0.55224609375 0.68359375 0.54443359375 0.6806640625 0.537109375 0.693359375 0.53564453125 0.703125 0.53076171875 0.712890625 0.53857421875 0.7333984375 0.5439453125 0.740234375
3 0.5908203125 0.7626953125 0.58447265625 0.7470703125 0.580078125 0.744140625 0.5712890625 0.7470703125 0.56689453125 0.759765625 0.5693359375 0.798828125 0.5849609375 0.8037109375 0.5908203125 0.7978515625 0.5908203125 0.7626953125
3 0.75830078125 0.634765625 0.763671875 0.609375 0.76171875 0.5869140625 0.7509765625 0.5732421875 0.7392578125 0.591796875 0.73974609375 0.6376953125 0.74169921875 0.6416015625 0.74853515625 0.6435546875 0.75830078125 0.634765625
3 0.57080078125 0.5263671875 0.595703125 0.5234375 0.5927734375 0.5107421875 0.595703125 0.501953125 0.591796875 0.5029296875 0.5888671875 0.4970703125 0.5830078125 0.47265625 0.57568359375 0.470703125 0.568359375 0.4755859375 0.56396484375 0.46875 0.54736328125 0.47265625 0.552734375 0.4931640625 0.544921875 0.517578125 0.552734375 0.5234375 0.57080078125 0.5263671875
3 0.5478515625 0.4609375 0.55029296875 0.458984375 0.54638671875 0.4541015625 0.53857421875 0.4560546875 0.5361328125 0.4609375 0.53662109375 0.470703125 0.54931640625 0.466796875 0.5478515625 0.4609375
3 0.49462890625 0.3232421875 0.5 0.314453125 0.513671875 0.2802734375 0.509765625 0.2470703125 0.498046875 0.2431640625 0.48583984375 0.24609375 0.48095703125 0.251953125 0.4775390625 0.267578125 0.4765625 0.279296875 0.48046875 0.302734375 0.48974609375 0.3251953125 0.49462890625 0.3232421875
3 0.591796875 0.3056640625 0.58935546875 0.2958984375 0.59033203125 0.283203125 0.58740234375 0.2548828125 0.58447265625 0.2490234375 0.5751953125 0.2451171875 0.57177734375 0.248046875 0.5673828125 0.259765625 0.56787109375 0.314453125 0.580078125 0.3271484375 0.5869140625 0.318359375 0.591796875 0.3056640625
3 0.205078125 0.4912109375 0.21435546875 0.455078125 0.21435546875 0.4423828125 0.205078125 0.4345703125 0.200927734375 0.435546875 0.19384765625 0.419921875 0.18896484375 0.419921875 0.17041015625 0.447265625 0.16357421875 0.4716796875 0.15771484375 0.498046875 0.18115234375 0.5126953125 0.197265625 0.5126953125 0.205078125 0.4912109375
3 0.3154296875 0.4072265625 0.3330078125 0.4150390625 0.349609375 0.4091796875 0.359375 0.3994140625 0.3623046875 0.3896484375 0.3642578125 0.3720703125 0.3671875 0.36328125 0.365234375 0.3544921875 0.3671875 0.3466796875 0.3662109375 0.328125 0.35693359375 0.31640625 0.34228515625 0.3173828125 0.333984375 0.322265625 0.32275390625 0.3544921875 0.3154296875 0.3642578125 0.31640625 0.3681640625 0.30810546875 0.4033203125 0.3095703125 0.4111328125 0.3154296875 0.4072265625