3 0.41552734375 0.740234375 0.41748046875 0.736328125 0.41845703125 0.7236328125 0.41552734375 0.708984375 0.41552734375 0.693359375 0.40380859375 0.69140625 0.39599609375 0.6943359375 0.38818359375 0.712890625 0.38818359375 0.7265625 0.39111328125 0.734375 0.408203125 0.7421875 0.41552734375 0.740234375
3 0.43798828125 0.7060546875 0.4443359375 0.71484375 0.44873046875 0.7392578125 0.44873046875 0.751953125 0.45458984375 0.767578125 0.46240234375 0.7685546875 0.46728515625 0.7529296875 0.48046875 0.7314453125 0.48095703125 0.7197265625 0.47802734375 0.705078125 0.46923828125 0.6923828125 0.46142578125 0.6728515625 0.451171875 0.6591796875 0.4384765625 0.669921875 0.4345703125 0.6611328125 0.42578125 0.6787109375 0.4248046875 0.6865234375 0.4267578125 0.6923828125 0.4345703125 0.70703125 0.43798828125 0.7060546875
3 0.5234375 0.75390625 0.525390625 0.765625 0.5322265625 0.7744140625 0.54248046875 0.771484375 0.54638671875 0.767578125 0.55224609375 0.751953125 0.56298828125 0.7451171875 0.56787109375 0.7333984375 0.57080078125 0.716796875 0.5693359375 0.7041015625 0.5556640625 0.6640625 0.56396484375 0.634765625 0.56396484375 0.626953125 0.5458984375 0.6318359375 0.537109375 0.6484375 0.5458984375 0.6611328125 0.54833984375 0.6767578125 0.537109375 0.70703125 0.5234375 0.75390625
3 0.70849609375 0.62109375 0.71484375 0.595703125 0.7158203125 0.5703125 0.71337890625 0.552734375 0.708984375 0.548828125 0.70166015625 0.55078125 0.6943359375 0.5693359375 0.693359375 0.5888671875 0.6962890625 0.615234375 0.705078125 0.623046875 0.70849609375 0.62109375
3 0.6796875 0.7158203125 0.68408203125 0.701171875 0.6826171875 0.681640625 0.6787109375 0.669921875 0.677734375 0.6591796875 0.66455078125 0.6669921875 0.6591796875 0.685546875 0.65576171875 0.70703125 0.666015625 0.7294921875 0.67138671875 0.7294921875 0.6796875 0.7158203125
3 0.75927734375 0.60546875 0.76220703125 0.6337890625 0.76708984375 0.6435546875 0.7841796875 0.6279296875 0.8095703125 0.5791015625 0.81298828125 0.564453125 0.798828125 0.5556640625 0.7685546875 0.560546875 0.76318359375 0.5556640625 0.76025390625 0.560546875 0.75927734375 0.568359375 0.76318359375 0.5712890625 0.763671875 0.5810546875 0.75927734375 0.60546875
3 0.34033203125 0.666015625 0.34814453125 0.6689453125 0.369140625 0.6669921875 0.3759765625 0.658203125 0.376953125 0.6611328125 0.3798828125 0.650390625 0.375 0.6259765625 0.3681640625 0.623046875 0.3662109375 0.599609375 0.36328125 0.5966796875 0.35498046875 0.5947265625 0.34423828125 0.6171875 0.34130859375 0.619140625 0.34130859375 0.6259765625 0.33154296875 0.6533203125 0.33251953125 0.658203125 0.34033203125 0.666015625
3 0.28369140625 0.642578125 0.29345703125 0.5986328125 0.29296875 0.5791015625 0.28369140625 0.5673828125 0.27880859375 0.5673828125 0.26171875 0.603515625 0.2578125 0.619140625 0.25732421875 0.634765625 0.259765625 0.6376953125 0.271484375 0.6435546875 0.28369140625 0.642578125
3 0.2236328125 0.75 0.25390625 0.759765625 0.25537109375 0.7587890625 0.25390625 0.75 0.2587890625 0.7470703125 0.2587890625 0.7373046875 0.26123046875 0.732421875 0.26220703125 0.705078125 0.267578125 0.693359375 0.2685546875 0.6689453125 0.2626953125 0.6640625 0.26611328125 0.6533203125 0.251953125 0.6376953125 0.21484375 0.63671875 0.20166015625 0.6494140625 0.1904296875 0.6806640625 0.18505859375 0.6884765625 0.18310546875 0.6943359375 0.18408203125 0.705078125 0.193359375 0.720703125 0.2236328125 0.75
3 0.4306640625 0.4130859375 0.43359375 0.40234375 0.43798828125 0.3564453125 0.44482421875 0.337890625 0.44287109375 0.3134765625 0.43896484375 0.3095703125 0.4345703125 0.3173828125 0.42919921875 0.3173828125 0.41943359375 0.310546875 0.4111328125 0.326171875 0.4072265625 0.341796875 0.40673828125 0.36328125 0.41357421875 0.38671875 0.42333984375 0.412109375 0.4306640625 0.4130859375
3 0.552734375 0.447265625 0.55908203125 0.4462890625 0.55908203125 0.4423828125 0.564453125 0.4443359375 0.56640625 0.4384765625 0.5654296875 0.4072265625 0.5673828125 0.3994140625 0.5654296875 0.3779296875 0.5615234375 0.361328125 0.54150390625 0.359375 0.53125 0.3701171875 0.53076171875 0.380859375 0.53564453125 0.4130859375 0.54150390625 0.4345703125 0.552734375 0.447265625
3 0.42724609375 0.2353515625 0.43017578125 0.228515625 0.43115234375 0.2177734375 0.4404296875 0.2080078125 0.4384765625 0.2021484375 0.416015625 0.18359375 0.40478515625 0.1806640625 0.39794921875 0.18359375 0.40380859375 0.2001953125 0.4052734375 0.23046875 0.40771484375 0.2373046875 0.42724609375 0.2353515625