3 0.36083984375 0.4130859375 0.3740234375 0.400390625 0.37841796875 0.3642578125 0.3818359375 0.357421875 0.37646484375 0.326171875 0.369140625 0.3193359375 0.3427734375 0.3134765625 0.326171875 0.3193359375 0.32568359375 0.3330078125 0.3408203125 0.3779296875 0.35498046875 0.4091796875 0.36083984375 0.4130859375
3 0.40771484375 0.34375 0.41748046875 0.3330078125 0.43115234375 0.3310546875 0.43310546875 0.3232421875 0.43212890625 0.30859375 0.4365234375 0.2978515625 0.435546875 0.27734375 0.43701171875 0.275390625 0.435546875 0.2587890625 0.43115234375 0.24609375 0.42041015625 0.2353515625 0.4091796875 0.23828125 0.40380859375 0.2353515625 0.38818359375 0.251953125 0.38671875 0.283203125 0.38916015625 0.3251953125 0.3974609375 0.330078125 0.40771484375 0.34375
3 0.4423828125 0.3212890625 0.4423828125 0.330078125 0.4501953125 0.337890625 0.45263671875 0.3271484375 0.45654296875 0.326171875 0.46337890625 0.3349609375 0.46484375 0.3447265625 0.46923828125 0.3505859375 0.470703125 0.357421875 0.4765625 0.361328125 0.47607421875 0.353515625 0.470703125 0.33984375 0.470703125 0.3203125 0.47607421875 0.3095703125 0.47509765625 0.302734375 0.478515625 0.294921875 0.48095703125 0.279296875 0.4794921875 0.2666015625 0.47021484375 0.251953125 0.4677734375 0.2529296875 0.46240234375 0.23046875 0.45556640625 0.23046875 0.44921875 0.2470703125 0.44580078125 0.2861328125 0.44189453125 0.291015625 0.4404296875 0.30078125 0.435546875 0.3037109375 0.43310546875 0.3095703125 0.43359375 0.322265625 0.43603515625 0.3232421875 0.4375 0.318359375 0.4423828125 0.3212890625
3 0.54052734375 0.3408203125 0.53662109375 0.3515625 0.53955078125 0.365234375 0.5439453125 0.37109375 0.5693359375 0.376953125 0.56396484375 0.3583984375 0.5673828125 0.306640625 0.5712890625 0.2841796875 0.56689453125 0.2607421875 0.56396484375 0.2529296875 0.5537109375 0.24609375 0.5458984375 0.2275390625 0.54052734375 0.2236328125 0.529296875 0.22265625 0.52294921875 0.236328125 0.5234375 0.2490234375 0.54931640625 0.3251953125 0.54931640625 0.3291015625 0.54052734375 0.3408203125
3 0.71337890625 0.462890625 0.7236328125 0.4462890625 0.72509765625 0.431640625 0.72314453125 0.41015625 0.72509765625 0.404296875 0.72998046875 0.404296875 0.73046875 0.400390625 0.7255859375 0.376953125 0.720703125 0.3681640625 0.71826171875 0.373046875 0.7109375 0.3701171875 0.697265625 0.37890625 0.689453125 0.3984375 0.68994140625 0.435546875 0.69287109375 0.451171875 0.70654296875 0.462890625 0.71337890625 0.462890625
3 0.65380859375 0.2900390625 0.6552734375 0.3095703125 0.65869140625 0.3134765625 0.65869140625 0.326171875 0.6611328125 0.3330078125 0.658203125 0.3408203125 0.68017578125 0.3466796875 0.68603515625 0.337890625 0.68603515625 0.3076171875 0.693359375 0.2900390625 0.6787109375 0.2568359375 0.662109375 0.244140625 0.65771484375 0.2451171875 0.6630859375 0.2548828125 0.66259765625 0.263671875 0.65625 0.275390625 0.65380859375 0.2900390625
3 0.5634765625 0.6279296875 0.5654296875 0.6064453125 0.56396484375 0.583984375 0.55615234375 0.5712890625 0.55615234375 0.5654296875 0.54443359375 0.56640625 0.53515625 0.58984375 0.53076171875 0.626953125 0.537109375 0.6376953125 0.552734375 0.6435546875 0.5634765625 0.6279296875
3 0.40576171875 0.6572265625 0.41650390625 0.681640625 0.421875 0.6796875 0.439453125 0.685546875 0.451171875 0.681640625 0.45556640625 0.673828125 0.45947265625 0.658203125 0.4423828125 0.6494140625 0.43798828125 0.626953125 0.43701171875 0.60546875 0.4306640625 0.5830078125 0.423828125 0.5791015625 0.4111328125 0.5830078125 0.4091796875 0.591796875 0.4033203125 0.595703125 0.40234375 0.6044921875 0.396484375 0.611328125 0.4052734375 0.6376953125 0.40576171875 0.6572265625
3 0.29052734375 0.427734375 0.29345703125 0.419921875 0.2939453125 0.4033203125 0.2841796875 0.35546875 0.263671875 0.345703125 0.255859375 0.34765625 0.25537109375 0.37109375 0.26318359375 0.3994140625 0.28271484375 0.4345703125 0.29052734375 0.427734375
3 0.203125 0.3115234375 0.21240234375 0.326171875 0.2373046875 0.3291015625 0.25146484375 0.341796875 0.2607421875 0.328125 0.2626953125 0.3125 0.2578125 0.2392578125 0.23974609375 0.240234375 0.21630859375 0.2548828125 0.19580078125 0.2783203125 0.2001953125 0.2890625 0.19970703125 0.310546875 0.203125 0.3115234375
3 0.7763671875 0.4931640625 0.806640625 0.5 0.83642578125 0.4970703125 0.837890625 0.4912109375 0.83642578125 0.4794921875 0.81298828125 0.423828125 0.81396484375 0.4189453125 0.8115234375 0.40625 0.8173828125 0.3955078125 0.82080078125 0.404296875 0.82470703125 0.404296875 0.8232421875 0.39453125 0.8173828125 0.388671875 0.814453125 0.3798828125 0.810546875 0.3818359375 0.806640625 0.375 0.806640625 0.369140625 0.798828125 0.3564453125 0.7783203125 0.3388671875 0.76123046875 0.31640625 0.759765625 0.3095703125 0.75830078125 0.310546875 0.75830078125 0.318359375 0.7548828125 0.3212890625 0.7490234375 0.3828125 0.744140625 0.3876953125 0.74609375 0.3974609375 0.7431640625 0.4033203125 0.763671875 0.46484375 0.7763671875 0.4931640625
3 0.423828125 0.8134765625 0.4345703125 0.80078125 0.44775390625 0.7978515625 0.44921875 0.77734375 0.439453125 0.7548828125 0.43505859375 0.736328125 0.4306640625 0.7314453125 0.4208984375 0.7373046875 0.40576171875 0.75390625 0.39599609375 0.8056640625 0.3955078125 0.814453125 0.3994140625 0.818359375 0.41015625 0.8193359375 0.423828125 0.8134765625
3 0.49951171875 0.787109375 0.50146484375 0.810546875 0.50439453125 0.8125 0.5048828125 0.822265625 0.525390625 0.830078125 0.53564453125 0.8291015625 0.5400390625 0.8232421875 0.54150390625 0.818359375 0.54150390625 0.7783203125 0.533203125 0.75 0.5185546875 0.75 0.50537109375 0.7421875 0.51220703125 0.7587890625 0.5107421875 0.7666015625 0.50732421875 0.7685546875 0.49951171875 0.787109375