0 0.4951171875 0.2783203125 0.5048828125 0.294921875 0.513671875 0.3017578125 0.521484375 0.30078125 0.541015625 0.2880859375 0.55908203125 0.25 0.56689453125 0.240234375 0.595703125 0.2421875 0.615234375 0.2275390625 0.626953125 0.2333984375 0.6328125 0.22265625 0.6357421875 0.2041015625 0.634765625 0.1767578125 0.60302734375 0.150390625 0.54052734375 0.14453125 0.52880859375 0.1513671875 0.51416015625 0.1689453125 0.49755859375 0.169921875 0.4765625 0.16015625 0.46484375 0.1806640625 0.4638671875 0.1953125 0.4658203125 0.205078125 0.4794921875 0.228515625 0.4951171875 0.2783203125
0 0.16162109375 0.470703125 0.16650390625 0.4501953125 0.16845703125 0.4384765625 0.16455078125 0.4306640625 0.1669921875 0.42578125 0.162109375 0.41796875 0.16162109375 0.408203125 0.15234375 0.416015625 0.12841796875 0.451171875 0.1259765625 0.458984375 0.1396484375 0.4755859375 0.15478515625 0.478515625 0.16162109375 0.470703125
3 0.31396484375 0.4267578125 0.3173828125 0.43359375 0.32080078125 0.4267578125 0.33642578125 0.4248046875 0.3408203125 0.4169921875 0.34521484375 0.421875 0.34716796875 0.419921875 0.3408203125 0.3974609375 0.3232421875 0.3642578125 0.3154296875 0.3603515625 0.310546875 0.3642578125 0.3076171875 0.3720703125 0.30810546875 0.400390625 0.31005859375 0.41015625 0.31298828125 0.4140625 0.31396484375 0.4267578125
3 0.384765625 0.4638671875 0.39990234375 0.4658203125 0.40869140625 0.44921875 0.412109375 0.4306640625 0.40771484375 0.4140625 0.39306640625 0.39453125 0.3876953125 0.3955078125 0.384765625 0.4013671875 0.37646484375 0.4072265625 0.37451171875 0.4150390625 0.37353515625 0.431640625 0.37744140625 0.4384765625 0.3759765625 0.447265625 0.384765625 0.4638671875
3 0.36865234375 0.56640625 0.37158203125 0.533203125 0.36767578125 0.5205078125 0.35400390625 0.5166015625 0.3408203125 0.521484375 0.3388671875 0.5283203125 0.34912109375 0.5712890625 0.36181640625 0.572265625 0.36865234375 0.56640625
3 0.50244140625 0.7412109375 0.509765625 0.732421875 0.51220703125 0.7275390625 0.5185546875 0.693359375 0.5185546875 0.6787109375 0.5146484375 0.6650390625 0.509765625 0.6650390625 0.50439453125 0.6728515625 0.47802734375 0.7353515625 0.47705078125 0.740234375 0.48291015625 0.7451171875 0.49609375 0.7392578125 0.50244140625 0.7412109375
3 0.70166015625 0.6015625 0.70556640625 0.6015625 0.7216796875 0.576171875 0.72802734375 0.5556640625 0.7294921875 0.541015625 0.72705078125 0.521484375 0.71923828125 0.5048828125 0.71044921875 0.4990234375 0.70361328125 0.4990234375 0.68896484375 0.5283203125 0.67236328125 0.5732421875 0.66552734375 0.6015625 0.6728515625 0.61328125 0.693359375 0.611328125 0.70166015625 0.6015625
3 0.83056640625 0.5634765625 0.8388671875 0.546875 0.83837890625 0.5166015625 0.8291015625 0.5048828125 0.8212890625 0.50390625 0.81396484375 0.5078125 0.81005859375 0.5029296875 0.8056640625 0.51171875 0.8056640625 0.5205078125 0.80322265625 0.5283203125 0.80224609375 0.541015625 0.8046875 0.5556640625 0.81005859375 0.5654296875 0.83056640625 0.5634765625
3 0.71728515625 0.7080078125 0.72509765625 0.7119140625 0.728515625 0.7109375 0.736328125 0.6953125 0.74853515625 0.6591796875 0.7509765625 0.6455078125 0.73095703125 0.6376953125 0.71630859375 0.65234375 0.71435546875 0.677734375 0.7109375 0.6845703125 0.7119140625 0.7001953125 0.71728515625 0.7080078125
3 0.77392578125 0.7138671875 0.7939453125 0.697265625 0.798828125 0.6884765625 0.80078125 0.6728515625 0.798828125 0.66796875 0.79296875 0.6708984375 0.78271484375 0.6630859375 0.77490234375 0.6630859375 0.76904296875 0.66796875 0.76318359375 0.6650390625 0.7578125 0.6806640625 0.75634765625 0.693359375 0.751953125 0.7001953125 0.7509765625 0.7158203125 0.7529296875 0.7177734375 0.7607421875 0.720703125 0.77392578125 0.7138671875
3 0.6484375 0.7607421875 0.65283203125 0.7529296875 0.65869140625 0.7548828125 0.6611328125 0.751953125 0.6611328125 0.7265625 0.658203125 0.7001953125 0.6376953125 0.6962890625 0.630859375 0.7041015625 0.62841796875 0.7314453125 0.6357421875 0.759765625 0.64208984375 0.763671875 0.6484375 0.7607421875
3 0.603515625 0.8388671875 0.611328125 0.8408203125 0.6181640625 0.8271484375 0.619140625 0.7958984375 0.6162109375 0.7900390625 0.60791015625 0.7841796875 0.59814453125 0.78515625 0.5947265625 0.7900390625 0.59423828125 0.7998046875 0.59765625 0.814453125 0.59716796875 0.826171875 0.603515625 0.8388671875
3 0.51953125 0.8515625 0.525390625 0.8564453125 0.53076171875 0.8427734375 0.525390625 0.8203125 0.51708984375 0.810546875 0.50732421875 0.8076171875 0.49658203125 0.8115234375 0.48095703125 0.8408203125 0.48046875 0.853515625 0.4951171875 0.8623046875 0.5068359375 0.8603515625 0.51953125 0.8515625
3 0.533203125 0.7890625 0.5390625 0.7802734375 0.548828125 0.7470703125 0.5517578125 0.7294921875 0.5517578125 0.7138671875 0.54931640625 0.7080078125 0.54150390625 0.7021484375 0.5283203125 0.705078125 0.5205078125 0.712890625 0.5146484375 0.7353515625 0.513671875 0.7607421875 0.51513671875 0.7802734375 0.521484375 0.7900390625 0.533203125 0.7890625
3 0.48681640625 0.7880859375 0.48681640625 0.7578125 0.482421875 0.744140625 0.47802734375 0.7392578125 0.46923828125 0.75 0.4580078125 0.775390625 0.45849609375 0.7841796875 0.46435546875 0.7939453125 0.474609375 0.796875 0.48681640625 0.7880859375
3 0.19189453125 0.58984375 0.19189453125 0.5810546875 0.189453125 0.5732421875 0.185546875 0.568359375 0.1806640625 0.568359375 0.1748046875 0.5751953125 0.17333984375 0.607421875 0.18017578125 0.6142578125 0.18798828125 0.6123046875 0.19189453125 0.58984375
3 0.23779296875 0.353515625 0.24462890625 0.361328125 0.25634765625 0.361328125 0.26171875 0.3525390625 0.26416015625 0.341796875 0.26171875 0.318359375 0.25927734375 0.3115234375 0.23876953125 0.3115234375 0.2314453125 0.322265625 0.23046875 0.3408203125 0.23193359375 0.345703125 0.236328125 0.345703125 0.23779296875 0.353515625
3 0.36962890625 0.2314453125 0.3720703125 0.2392578125 0.3701171875 0.265625 0.37548828125 0.2802734375 0.3955078125 0.2880859375 0.40478515625 0.2802734375 0.40869140625 0.2822265625 0.4208984375 0.2548828125 0.41796875 0.228515625 0.41552734375 0.22265625 0.41943359375 0.2158203125 0.412109375 0.212890625 0.39599609375 0.2158203125 0.37255859375 0.2099609375 0.3681640625 0.2158203125 0.3701171875 0.2177734375 0.37109375 0.2255859375 0.36962890625 0.2314453125
3 0.6669921875 0.4619140625 0.68701171875 0.4521484375 0.689453125 0.455078125 0.6923828125 0.4033203125 0.6875 0.380859375 0.6806640625 0.37890625 0.66650390625 0.3662109375 0.65380859375 0.3642578125 0.6484375 0.3701171875 0.64404296875 0.3828125 0.64453125 0.3974609375 0.64208984375 0.4189453125 0.654296875 0.4501953125 0.6669921875 0.4619140625
3 0.6181640625 0.3701171875 0.626953125 0.3642578125 0.6279296875 0.3525390625 0.62548828125 0.3134765625 0.6201171875 0.3017578125 0.607421875 0.2958984375 0.60693359375 0.291015625 0.60546875 0.29296875 0.6005859375 0.2666015625 0.591796875 0.2607421875 0.57568359375 0.2646484375 0.572265625 0.2783203125 0.57470703125 0.3076171875 0.595703125 0.3349609375 0.60107421875 0.357421875 0.6181640625 0.3701171875
3 0.708984375 0.3916015625 0.716796875 0.40625 0.72412109375 0.41015625 0.73291015625 0.369140625 0.73291015625 0.361328125 0.72998046875 0.359375 0.7294921875 0.3486328125 0.720703125 0.337890625 0.720703125 0.3251953125 0.71240234375 0.3037109375 0.69287109375 0.306640625 0.68994140625 0.310546875 0.68505859375 0.3046875 0.681640625 0.310546875 0.681640625 0.3193359375 0.68505859375 0.333984375 0.708984375 0.3916015625
3 0.75634765625 0.369140625 0.7666015625 0.37109375 0.7685546875 0.376953125 0.7841796875 0.375 0.7978515625 0.3818359375 0.8203125 0.37890625 0.8291015625 0.38671875 0.84619140625 0.384765625 0.8544921875 0.376953125 0.8515625 0.3642578125 0.84423828125 0.349609375 0.8502324218749999 0.30948828125 0.8252368156250001 0.27513378906249997 0.7978974609375 0.24546386718750002 0.7783203125 0.2890625 0.7607421875 0.30859375 0.75537109375 0.310546875 0.75830078125 0.3173828125 0.75439453125 0.3291015625 0.75439453125 0.3603515625 0.75634765625 0.369140625
3 0.75390625 0.236328125 0.76904296875 0.224609375 0.744140625 0.2001953125 0.720703125 0.1865234375 0.716796875 0.1884765625 0.71435546875 0.224609375 0.73974609375 0.251953125 0.7509765625 0.24609375 0.75390625 0.236328125
3 0.69384765625 0.220703125 0.712890625 0.2236328125 0.71435546875 0.220703125 0.712890625 0.2080078125 0.720703125 0.1904296875 0.7138671875 0.1845703125 0.6845703125 0.17578125 0.65380859375 0.1806640625 0.654296875 0.197265625 0.662109375 0.216796875 0.6875 0.2158203125 0.69384765625 0.220703125
3 0.49365234375 0.47265625 0.50537109375 0.4912109375 0.525390625 0.4912109375 0.533203125 0.484375 0.53369140625 0.4677734375 0.5302734375 0.4384765625 0.5263671875 0.4189453125 0.51806640625 0.416015625 0.5146484375 0.40625 0.513671875 0.37890625 0.5009765625 0.3779296875 0.50048828125 0.3720703125 0.49267578125 0.35546875 0.490234375 0.3525390625 0.4853515625 0.3544921875 0.4794921875 0.375 0.4765625 0.4033203125 0.47412109375 0.408203125 0.4736328125 0.423828125 0.47802734375 0.4287109375 0.478515625 0.4384765625 0.49365234375 0.47265625
3 0.31884765625 0.2998046875 0.322265625 0.2958984375 0.32373046875 0.2861328125 0.31884765625 0.2646484375 0.3037109375 0.2587890625 0.28173828125 0.27734375 0.28125 0.2841796875 0.2841796875 0.298828125 0.29296875 0.3046875 0.31884765625 0.2998046875
3 0.443359375 0.80859375 0.45458984375 0.7841796875 0.45849609375 0.767578125 0.43994140625 0.7578125 0.435546875 0.751953125 0.43359375 0.755859375 0.42724609375 0.794921875 0.4296875 0.8056640625 0.439453125 0.8125 0.443359375 0.80859375
3 0.42626953125 0.2109375 0.427734375 0.23046875 0.43994140625 0.2353515625 0.447265625 0.224609375 0.44482421875 0.2177734375 0.4443359375 0.20703125 0.44775390625 0.19140625 0.439453125 0.1845703125 0.42919921875 0.1884765625 0.426025390625 0.19580078125 0.419921875 0.2001953125 0.419921875 0.2041015625 0.42626953125 0.2109375
3 0.9140625 0.4501953125 0.919921875 0.4384765625 0.92041015625 0.431640625 0.90380859375 0.4052734375 0.89013671875 0.4033203125 0.88037109375 0.408203125 0.87939453125 0.4150390625 0.890625 0.4501953125 0.89453125 0.4560546875 0.9140625 0.4501953125