0 0.4423828125 0.8544921875 0.45947265625 0.8544921875 0.46923828125 0.8486328125 0.48583984375 0.830078125 0.49462890625 0.8291015625 0.5224609375 0.8388671875 0.53271484375 0.8251953125 0.5361328125 0.8076171875 0.53466796875 0.7958984375 0.5286459953125 0.7848310546875 0.5048828125 0.720703125 0.494140625 0.703125 0.486328125 0.697265625 0.458984375 0.7080078125 0.439453125 0.7509765625 0.4326171875 0.7587890625 0.40380859375 0.7568359375 0.38525390625 0.7705078125 0.37255859375 0.765625 0.3681640625 0.771484375 0.36474609375 0.7841796875 0.36474609375 0.8212890625 0.396484375 0.8486328125 0.41259765625 0.8466796875 0.4423828125 0.8544921875
0 0.84521484375 0.5859375 0.87158203125 0.548828125 0.876953125 0.53515625 0.859375 0.53125 0.84814453125 0.533203125 0.83984375 0.546875 0.83544921875 0.560546875 0.83447265625 0.572265625 0.837890625 0.5810546875 0.837890625 0.591796875 0.84521484375 0.5859375
3 0.15576171875 0.6728515625 0.14599609375 0.6728515625 0.14599609375 0.6796875 0.15380859375 0.6953125 0.203125 0.7587890625 0.2019067390625 0.7514130859375 0.20268798906250002 0.7436044921875 0.207375 0.735796875 0.2120615234375 0.7186201171875 0.2269028328125 0.6967578125 0.23471386718749998 0.6905117187500001 0.2425249015625 0.6905117187500001 0.24462890625 0.6943359375 0.24609375 0.642578125 0.24365234375 0.6328125 0.22021484375 0.62890625 0.216796875 0.634765625 0.21337890625 0.634765625 0.2119140625 0.630859375 0.2041015625 0.6279296875 0.189453125 0.642578125 0.18505859375 0.630859375 0.17138671875 0.6142578125 0.15380859375 0.615234375 0.14697265625 0.6220703125 0.146484375 0.6298828125 0.1533203125 0.650390625 0.1572265625 0.6533203125 0.1572265625 0.666015625 0.15576171875 0.6728515625
3 0.18212890625 0.5068359375 0.18994140625 0.498046875 0.1953125 0.486328125 0.197265625 0.458984375 0.1943359375 0.4423828125 0.189453125 0.4306640625 0.16943359375 0.431640625 0.15380859375 0.4482421875 0.14599609375 0.470703125 0.1455078125 0.494140625 0.14794921875 0.4970703125 0.171875 0.5068359375 0.18212890625 0.5068359375
3 0.28173828125 0.7939453125 0.2841796875 0.775390625 0.26708984375 0.7548828125 0.2587890625 0.75 0.24853515625 0.7587890625 0.23828125 0.7783203125 0.23779296875 0.783203125 0.255859375 0.798828125 0.27587890625 0.8095703125 0.28173828125 0.7939453125
3 0.34521484375 0.8173828125 0.34521484375 0.7939453125 0.33740234375 0.7802734375 0.32177734375 0.783203125 0.30224609375 0.7783203125 0.29541015625 0.791015625 0.294921875 0.8173828125 0.3154296875 0.82421875 0.3349609375 0.8232421875 0.34521484375 0.8173828125
3 0.27099609375 0.6748046875 0.27490234375 0.673828125 0.28662109375 0.6962890625 0.30615234375 0.6923828125 0.314453125 0.685546875 0.31494140625 0.66796875 0.306640625 0.64453125 0.2861328125 0.5986328125 0.275390625 0.5830078125 0.271484375 0.5830078125 0.2666015625 0.58984375 0.25927734375 0.6064453125 0.2607421875 0.6083984375 0.26025390625 0.6220703125 0.25390625 0.6259765625 0.25390625 0.634765625 0.25927734375 0.6455078125 0.263671875 0.666015625 0.27099609375 0.6748046875
3 0.39794921875 0.7001953125 0.39794921875 0.7216796875 0.39990234375 0.7314453125 0.40966796875 0.734375 0.423828125 0.7314453125 0.42578125 0.716796875 0.42333984375 0.7001953125 0.4033203125 0.671875 0.39599609375 0.6484375 0.384765625 0.6357421875 0.3740234375 0.6474609375 0.375 0.669921875 0.37939453125 0.6826171875 0.392578125 0.6904296875 0.39794921875 0.7001953125
3 0.33349609375 0.634765625 0.345703125 0.6357421875 0.35009765625 0.6318359375 0.35595703125 0.6181640625 0.35546875 0.6015625 0.35791015625 0.5888671875 0.35693359375 0.5751953125 0.345703125 0.55078125 0.33935546875 0.5478515625 0.333984375 0.5400390625 0.32421875 0.5439453125 0.31298828125 0.5625 0.310546875 0.5751953125 0.31005859375 0.5927734375 0.31396484375 0.6103515625 0.3291015625 0.630859375 0.33349609375 0.634765625
3 0.513671875 0.6513671875 0.5234375 0.6064453125 0.5224609375 0.59765625 0.52587890625 0.5908203125 0.525390625 0.5751953125 0.52001953125 0.568359375 0.51025390625 0.5654296875 0.50341796875 0.552734375 0.49755859375 0.5478515625 0.48974609375 0.5458984375 0.48779296875 0.548828125 0.4912109375 0.58984375 0.49755859375 0.6201171875 0.51025390625 0.6513671875 0.513671875 0.6513671875
3 0.587890625 0.783203125 0.63134765625 0.775390625 0.63525390625 0.7646484375 0.630859375 0.7451171875 0.63232421875 0.7392578125 0.630859375 0.7294921875 0.626953125 0.72265625 0.61181640625 0.71484375 0.603515625 0.71484375 0.5947265625 0.7216796875 0.59130859375 0.7197265625 0.57421875 0.7509765625 0.5751953125 0.767578125 0.58056640625 0.767578125 0.58203125 0.7744140625 0.587890625 0.783203125
3 0.60009765625 0.611328125 0.60107421875 0.6064453125 0.60400390625 0.6064453125 0.607421875 0.6259765625 0.6123046875 0.6240234375 0.62060546875 0.609375 0.626953125 0.615234375 0.64013671875 0.5927734375 0.642578125 0.59375 0.64697265625 0.587890625 0.63427734375 0.552734375 0.61865234375 0.529296875 0.61328125 0.52734375 0.599609375 0.533203125 0.59228515625 0.5478515625 0.587890625 0.5751953125 0.60009765625 0.59765625 0.59521484375 0.607421875 0.60009765625 0.611328125
3 0.6767578125 0.63671875 0.68505859375 0.640625 0.689453125 0.6376953125 0.69384765625 0.623046875 0.69482421875 0.611328125 0.6943359375 0.564453125 0.69140625 0.556640625 0.685546875 0.5556640625 0.68115234375 0.5595703125 0.662109375 0.587890625 0.66259765625 0.5908203125 0.6591796875 0.595703125 0.65966796875 0.6025390625 0.6767578125 0.63671875
3 0.658203125 0.482421875 0.6650390625 0.4697265625 0.66796875 0.455078125 0.66650390625 0.4404296875 0.65771484375 0.419921875 0.63818359375 0.4228515625 0.630859375 0.4345703125 0.62890625 0.4501953125 0.62841796875 0.466796875 0.63037109375 0.478515625 0.6357421875 0.4833984375 0.658203125 0.482421875
3 0.82666015625 0.4072265625 0.8251953125 0.3994140625 0.818359375 0.392578125 0.810546875 0.39453125 0.8056640625 0.404296875 0.80419921875 0.4189453125 0.8095703125 0.4267578125 0.82275390625 0.423828125 0.82666015625 0.4072265625
3 0.45458984375 0.2529296875 0.45068359375 0.259765625 0.44921875 0.26953125 0.4501953125 0.283203125 0.45556640625 0.2890625 0.4580078125 0.298828125 0.46240234375 0.298828125 0.46630859375 0.3046875 0.47119140625 0.298828125 0.47607421875 0.2998046875 0.4794921875 0.30810546875 0.48193359375 0.3291015625 0.48974609375 0.3310546875 0.49755859375 0.3203125 0.54296875 0.22265625 0.54833984375 0.20703125 0.5498046875 0.1875 0.55224609375 0.1806640625 0.55029296875 0.1806640625 0.54736328125 0.166015625 0.529296875 0.146484375 0.498046875 0.1337890625 0.4794921875 0.15234375 0.474609375 0.14453125 0.4697265625 0.1533203125 0.46533203125 0.1748046875 0.458984375 0.181640625 0.46044921875 0.185546875 0.45849609375 0.212890625 0.4599609375 0.2216796875 0.45458984375 0.2529296875
3 0.3388671875 0.298828125 0.34375 0.3115234375 0.34765625 0.3154296875 0.36865234375 0.3203125 0.38134765625 0.2978515625 0.3857421875 0.283203125 0.3818359375 0.279296875 0.38134765625 0.2666015625 0.376953125 0.2490234375 0.37109375 0.25 0.36474609375 0.240234375 0.357421875 0.236328125 0.34619140625 0.24609375 0.33984375 0.2431640625 0.33837890625 0.24609375 0.34033203125 0.2509765625 0.33837890625 0.2744140625 0.3388671875 0.298828125
3 0.29541015625 0.5009765625 0.3017578125 0.4912109375 0.32275390625 0.439453125 0.33447265625 0.40234375 0.3359375 0.3916015625 0.326171875 0.3837890625 0.306640625 0.388671875 0.30224609375 0.38671875 0.30078125 0.3916015625 0.287109375 0.40625 0.27734375 0.4248046875 0.27490234375 0.43359375 0.275390625 0.4453125 0.271484375 0.453125 0.27294921875 0.48046875 0.27734375 0.494140625 0.28271484375 0.501953125 0.29541015625 0.5009765625
3 0.2236328125 0.330078125 0.23193359375 0.333984375 0.2353515625 0.328125 0.24365234375 0.3369140625 0.2431640625 0.341796875 0.24609375 0.3466796875 0.24365234375 0.3564453125 0.2451171875 0.359375 0.25146484375 0.35546875 0.26220703125 0.361328125 0.2724609375 0.357421875 0.2783203125 0.345703125 0.27734375 0.333984375 0.28857421875 0.3134765625 0.287109375 0.2978515625 0.28369140625 0.29296875 0.27392578125 0.28515625 0.26513671875 0.2939453125 0.2607421875 0.2783203125 0.2578125 0.2802734375 0.25537109375 0.275390625 0.24072265625 0.27734375 0.22412109375 0.291015625 0.220703125 0.298828125 0.216796875 0.298828125 0.21484375 0.302734375 0.2158203125 0.3125 0.22412109375 0.3193359375 0.2236328125 0.330078125
3 0.4013671875 0.2099609375 0.40673828125 0.2041015625 0.40625 0.1884765625 0.41015625 0.1845703125 0.4130859375 0.171875 0.388671875 0.1689453125 0.38232421875 0.1875 0.38134765625 0.2001953125 0.38427734375 0.2080078125 0.38818359375 0.2119140625 0.4013671875 0.2099609375
3 0.70166015625 0.7353515625 0.71728515625 0.724609375 0.71923828125 0.7177734375 0.712890625 0.7001953125 0.68505859375 0.705078125 0.6767578125 0.7119140625 0.67822265625 0.732421875 0.689453125 0.7451171875 0.697265625 0.7421875 0.70166015625 0.7353515625
3 0.75146484375 0.6748046875 0.76025390625 0.6689453125 0.7607421875 0.62890625 0.75927734375 0.6220703125 0.74755859375 0.6181640625 0.73583984375 0.623046875 0.732421875 0.6337890625 0.732421875 0.650390625 0.736328125 0.669921875 0.75146484375 0.6748046875
3 0.7958984375 0.6650390625 0.7919921875 0.6640625 0.7900390625 0.6611328125 0.7900390625 0.654296875 0.7861328125 0.6513671875 0.77880859375 0.6533203125 0.7744140625 0.6689453125 0.7744140625 0.6845703125 0.77880859375 0.6953125 0.783203125 0.6923828125 0.7958984375 0.6650390625
3 0.12109375 0.591796875 0.12060546875 0.583984375 0.11083984375 0.5625 0.109375 0.55078125 0.1044921875 0.5439453125 0.07373046875 0.556640625 0.07421875 0.564453125 0.10693359375 0.615234375 0.11572265625 0.6044921875 0.12109375 0.591796875