3 0.09521484375 0.5341796875 0.16552734375 0.5283203125 0.16650390625 0.51171875 0.1630859375 0.50390625 0.16064453125 0.4833984375 0.16552734375 0.4501953125 0.15625 0.376953125 0.154296875 0.3740234375 0.15625 0.365234375 0.13525390625 0.3720703125 0.111328125 0.4033203125 0.1044921875 0.4189453125 0.0947265625 0.470703125 0.087890625 0.490234375 0.08740234375 0.4970703125 0.0908203125 0.5 0.09033203125 0.509765625 0.09521484375 0.5341796875
3 0.248046875 0.501953125 0.2529296875 0.4990234375 0.26171875 0.478515625 0.26171875 0.4306640625 0.255859375 0.4072265625 0.2509765625 0.396484375 0.25048828125 0.400390625 0.23388671875 0.41015625 0.224609375 0.423828125 0.22314453125 0.435546875 0.2333984375 0.46484375 0.2392578125 0.4755859375 0.248046875 0.501953125
3 0.27587890625 0.697265625 0.298828125 0.6484375 0.318359375 0.5947265625 0.32177734375 0.578125 0.31396484375 0.5751953125 0.310546875 0.5869140625 0.30712890625 0.5888671875 0.287109375 0.5830078125 0.275390625 0.5908203125 0.26953125 0.6064453125 0.267578125 0.6220703125 0.27001953125 0.640625 0.26806640625 0.654296875 0.27001953125 0.662109375 0.26611328125 0.6689453125 0.27001953125 0.6796875 0.26513671875 0.703125 0.267578125 0.708984375 0.27587890625 0.697265625
3 0.3330078125 0.7373046875 0.341796875 0.73828125 0.34521484375 0.734375 0.36328125 0.7314453125 0.3544921875 0.7109375 0.35546875 0.6884765625 0.34765625 0.66796875 0.3427734375 0.6650390625 0.333984375 0.6669921875 0.32373046875 0.6845703125 0.31884765625 0.6982421875 0.31982421875 0.7119140625 0.3271484375 0.7294921875 0.3330078125 0.7373046875
3 0.40625 0.6591796875 0.41650390625 0.6259765625 0.40673828125 0.59375 0.3974609375 0.5810546875 0.3828125 0.583984375 0.373046875 0.611328125 0.373046875 0.650390625 0.39501953125 0.6787109375 0.39990234375 0.673828125 0.40625 0.6591796875
3 0.48681640625 0.5205078125 0.482421875 0.4892578125 0.4853515625 0.482421875 0.48388671875 0.462890625 0.48193359375 0.4609375 0.4814453125 0.4541015625 0.47607421875 0.44921875 0.47509765625 0.4384765625 0.4619140625 0.4345703125 0.44775390625 0.443359375 0.443359375 0.455078125 0.443359375 0.5107421875 0.44580078125 0.5224609375 0.46728515625 0.525390625 0.48681640625 0.5205078125
3 0.44580078125 0.3984375 0.45263671875 0.40234375 0.46044921875 0.4013671875 0.46533203125 0.3935546875 0.47314453125 0.392578125 0.4814453125 0.3779296875 0.48583984375 0.3828125 0.4873046875 0.380859375 0.486328125 0.365234375 0.4716796875 0.326171875 0.455078125 0.302734375 0.44677734375 0.3037109375 0.44091796875 0.310546875 0.43505859375 0.326171875 0.42919921875 0.35546875 0.43212890625 0.3623046875 0.43505859375 0.384765625 0.44580078125 0.3984375
3 0.58447265625 0.3134765625 0.58349609375 0.306640625 0.587890625 0.2978515625 0.595703125 0.294921875 0.60205078125 0.2548828125 0.59912109375 0.244140625 0.5849609375 0.236328125 0.5546875 0.2333984375 0.544921875 0.2412109375 0.54296875 0.251953125 0.5439453125 0.259765625 0.57958984375 0.3154296875 0.58447265625 0.3134765625
3 0.7724609375 0.52734375 0.7958984375 0.5263671875 0.7958984375 0.51953125 0.80712890625 0.4970703125 0.79833984375 0.4501953125 0.7939453125 0.4453125 0.7919921875 0.4345703125 0.78271484375 0.416015625 0.767578125 0.3935546875 0.75927734375 0.3955078125 0.74853515625 0.4169921875 0.7392578125 0.4462890625 0.73974609375 0.486328125 0.748046875 0.5166015625 0.75439453125 0.5234375 0.7724609375 0.52734375
3 0.5751953125 0.7138671875 0.58056640625 0.70703125 0.583984375 0.712890625 0.591796875 0.705078125 0.61083984375 0.6611328125 0.61328125 0.650390625 0.61328125 0.642578125 0.60693359375 0.6357421875 0.59814453125 0.6142578125 0.5849609375 0.609375 0.568359375 0.6142578125 0.560546875 0.642578125 0.56005859375 0.6650390625 0.5625 0.6787109375 0.56787109375 0.7041015625 0.5751953125 0.7138671875
3 0.71240234375 0.6875 0.72119140625 0.669921875 0.72265625 0.6572265625 0.72119140625 0.6279296875 0.71826171875 0.6181640625 0.71630859375 0.615234375 0.70166015625 0.634765625 0.6875 0.66796875 0.685546875 0.6865234375 0.69189453125 0.6962890625 0.7041015625 0.697265625 0.71240234375 0.6875
3 0.36865234375 0.8408203125 0.3759765625 0.8486328125 0.3837890625 0.849609375 0.3935546875 0.8486328125 0.40087890625 0.8427734375 0.400390625 0.8330078125 0.392578125 0.81640625 0.373046875 0.8212890625 0.36865234375 0.8330078125 0.36474609375 0.8359375 0.36474609375 0.8408203125 0.36865234375 0.8408203125