3 0.42138671875 0.4072265625 0.42822265625 0.400390625 0.4375 0.3759765625 0.43994140625 0.34375 0.43896484375 0.32421875 0.42919921875 0.298828125 0.41162109375 0.2919921875 0.40380859375 0.3037109375 0.38818359375 0.3408203125 0.3837890625 0.3642578125 0.380859375 0.3662109375 0.376953125 0.380859375 0.37646484375 0.3876953125 0.3857421875 0.3896484375 0.4169921875 0.408203125 0.42138671875 0.4072265625
3 0.55029296875 0.5478515625 0.5546875 0.541015625 0.5556640625 0.5126953125 0.5537109375 0.4814453125 0.5478515625 0.4775390625 0.52783203125 0.4775390625 0.52099609375 0.4833984375 0.5224609375 0.509765625 0.52880859375 0.5341796875 0.5400390625 0.546875 0.55029296875 0.5478515625
3 0.54736328125 0.681640625 0.552734375 0.681640625 0.56396484375 0.6669921875 0.56591796875 0.6552734375 0.56494140625 0.6376953125 0.560546875 0.6318359375 0.556640625 0.615234375 0.53955078125 0.6123046875 0.53564453125 0.6171875 0.53271484375 0.6298828125 0.53173828125 0.6435546875 0.53369140625 0.658203125 0.54052734375 0.67578125 0.54736328125 0.681640625
3 0.40380859375 0.728515625 0.4111328125 0.740234375 0.416015625 0.7587890625 0.443359375 0.763671875 0.4541015625 0.7578125 0.45703125 0.748046875 0.45458984375 0.7353515625 0.43603515625 0.708984375 0.427734375 0.689453125 0.4169921875 0.68359375 0.41455078125 0.685546875 0.4150390625 0.697265625 0.41162109375 0.703125 0.4091796875 0.7177734375 0.40380859375 0.728515625
3 0.224609375 0.591796875 0.232421875 0.5966796875 0.24267578125 0.58984375 0.25390625 0.576171875 0.2578125 0.5595703125 0.25830078125 0.5439453125 0.255859375 0.5322265625 0.2587890625 0.5283203125 0.2568359375 0.52734375 0.2548828125 0.5126953125 0.23095703125 0.5087890625 0.22021484375 0.513671875 0.21875 0.51953125 0.212890625 0.55859375 0.2177734375 0.5751953125 0.21728515625 0.580078125 0.224609375 0.591796875
3 0.2978515625 0.36328125 0.31298828125 0.3271484375 0.31591796875 0.314453125 0.31494140625 0.3076171875 0.302734375 0.298828125 0.28759765625 0.302734375 0.279296875 0.3369140625 0.27880859375 0.3544921875 0.2802734375 0.357421875 0.29052734375 0.3681640625 0.2978515625 0.36328125
3 0.6201171875 0.419921875 0.62353515625 0.4111328125 0.6279296875 0.412109375 0.6328125 0.400390625 0.63427734375 0.365234375 0.6298828125 0.35791015625 0.62841796875 0.345703125 0.62646484375 0.341796875 0.6181640625 0.3388671875 0.61669921875 0.3330078125 0.60693359375 0.3232421875 0.599609375 0.326171875 0.58740234375 0.3642578125 0.5869140625 0.3720703125 0.59033203125 0.392578125 0.603515625 0.4189453125 0.6201171875 0.419921875
3 0.662109375 0.3388671875 0.66552734375 0.3388671875 0.6728515625 0.3291015625 0.67919921875 0.30078125 0.6787109375 0.2900390625 0.67431640625 0.2763671875 0.66943359375 0.26953125 0.6533203125 0.2734375 0.6474609375 0.28125 0.646484375 0.2900390625 0.64501953125 0.306640625 0.646484375 0.318359375 0.654296875 0.3359375 0.662109375 0.3388671875
3 0.71240234375 0.4140625 0.72216796875 0.4052734375 0.72607421875 0.3935546875 0.724609375 0.3857421875 0.7255859375 0.3759765625 0.72802734375 0.3720703125 0.728515625 0.3564453125 0.71728515625 0.3203125 0.70849609375 0.3349609375 0.6904296875 0.380859375 0.68310546875 0.4033203125 0.68505859375 0.4072265625 0.69091796875 0.4052734375 0.71240234375 0.4140625
3 0.7412109375 0.3369140625 0.7470703125 0.3310546875 0.75146484375 0.333984375 0.75341796875 0.326171875 0.76123046875 0.314453125 0.767578125 0.2861328125 0.759765625 0.265625 0.755859375 0.2607421875 0.75 0.2626953125 0.72509765625 0.2998046875 0.71630859375 0.3212890625 0.71630859375 0.3291015625 0.72265625 0.3291015625 0.73193359375 0.3369140625 0.7412109375 0.3369140625
3 0.783203125 0.5908203125 0.78271484375 0.5771484375 0.759765625 0.5263671875 0.75634765625 0.5234375 0.7490234375 0.525390625 0.7392578125 0.546875 0.7392578125 0.57421875 0.74658203125 0.5966796875 0.76806640625 0.59765625 0.783203125 0.5908203125
3 0.19384765625 0.3759765625 0.19775390625 0.357421875 0.197265625 0.3447265625 0.193359375 0.3408203125 0.19384765625 0.3291015625 0.1884765625 0.33203125 0.1689453125 0.3671875 0.1689453125 0.3759765625 0.17626953125 0.3857421875 0.18896484375 0.3857421875 0.19384765625 0.3759765625
3 0.13720703125 0.4033203125 0.14208984375 0.4130859375 0.1591796875 0.380859375 0.16357421875 0.3642578125 0.158203125 0.349609375 0.1474609375 0.345703125 0.13818359375 0.3564453125 0.14013671875 0.365234375 0.13818359375 0.3681640625 0.13671875 0.38671875 0.13720703125 0.4033203125
3 0.43896484375 0.2236328125 0.4404296875 0.212890625 0.44677734375 0.2001953125 0.443359375 0.1982421875 0.4189453125 0.205078125 0.4140625 0.2080078125 0.40966796875 0.2177734375 0.40576171875 0.2275390625 0.40771484375 0.2373046875 0.42919921875 0.23828125 0.43896484375 0.2236328125
3 0.6220703125 0.18359375 0.63037109375 0.1650390625 0.62548828125 0.1396484375 0.613037109375 0.1396484375 0.60693359375 0.1357421875 0.603515625 0.140625 0.60107421875 0.1455078125 0.60107421875 0.1591796875 0.6064453125 0.1826171875 0.6220703125 0.18359375
3 0.67529296875 0.2138671875 0.689453125 0.21875 0.69775390625 0.208984375 0.6982421875 0.173828125 0.65869140625 0.1748046875 0.65869140625 0.1845703125 0.662109375 0.189453125 0.662109375 0.201171875 0.67529296875 0.2138671875
3 0.822265625 0.310546875 0.83056640625 0.310546875 0.837890625 0.3037109375 0.84033203125 0.275390625 0.837890625 0.263671875 0.8330078125 0.255859375 0.833984375 0.2353515625 0.82763671875 0.2314453125 0.81591796875 0.2314453125 0.802734375 0.2392578125 0.8076171875 0.2724609375 0.8037109375 0.294921875 0.81298828125 0.3056640625 0.822265625 0.310546875
3 0.86083984375 0.33203125 0.87158203125 0.314453125 0.8681640625 0.30859375 0.8701171875 0.2998046875 0.86962890625 0.2841796875 0.876953125 0.28125 0.87646484375 0.2744140625 0.87109375 0.26953125 0.86572265625 0.2578125 0.84912109375 0.2421875 0.8447265625 0.2431640625 0.84619140625 0.2548828125 0.83984375 0.2607421875 0.83935546875 0.2666015625 0.84619140625 0.2939453125 0.8525390625 0.3349609375 0.86083984375 0.33203125
3 0.8583984375 0.62890625 0.86474609375 0.626953125 0.87841796875 0.6103515625 0.88818359375 0.595703125 0.89404296875 0.580078125 0.892578125 0.5712890625 0.88818359375 0.5771484375 0.8857421875 0.5654296875 0.876953125 0.55859375 0.87451171875 0.5634765625 0.85107421875 0.5615234375 0.84765625 0.5634765625 0.8447265625 0.5712890625 0.841796875 0.5947265625 0.8427734375 0.6025390625 0.84814453125 0.619140625 0.8583984375 0.62890625
3 0.93505859375 0.423828125 0.9443359375 0.400390625 0.93896484375 0.384765625 0.919921875 0.3603515625 0.9130859375 0.373046875 0.912109375 0.376953125 0.916015625 0.4052734375 0.919921875 0.41796875 0.93505859375 0.423828125
3 0.68798828125 0.541015625 0.69189453125 0.5576171875 0.705078125 0.564453125 0.70849609375 0.5390625 0.70556640625 0.51171875 0.69775390625 0.5078125 0.69140625 0.5166015625 0.68896484375 0.5283203125 0.685546875 0.533203125 0.6884765625 0.53515625 0.68798828125 0.541015625
3 0.16162109375 0.59765625 0.1689453125 0.6064453125 0.173828125 0.6064453125 0.18359375 0.591796875 0.18505859375 0.5712890625 0.18212890625 0.5439453125 0.17333984375 0.537109375 0.16552734375 0.537109375 0.158203125 0.5390625 0.1533203125 0.5478515625 0.15380859375 0.5537109375 0.14990234375 0.568359375 0.15234375 0.5810546875 0.16162109375 0.59765625
3 0.21240234375 0.5830078125 0.21044921875 0.5703125 0.20263671875 0.5498046875 0.1943359375 0.537109375 0.19140625 0.5380859375 0.189453125 0.544921875 0.19287109375 0.576171875 0.20361328125 0.5859375 0.21240234375 0.5830078125
3 0.4521484375 0.7021484375 0.4521484375 0.685546875 0.44775390625 0.6767578125 0.44287109375 0.6806640625 0.43994140625 0.701171875 0.4423828125 0.7138671875 0.447265625 0.71875 0.4521484375 0.7021484375
3 0.51708984375 0.1875 0.5263671875 0.169921875 0.52783203125 0.158203125 0.52197265625 0.150390625 0.5126953125 0.1513671875 0.5048828125 0.158203125 0.5029296875 0.162109375 0.5048828125 0.181640625 0.5126953125 0.1904296875 0.51708984375 0.1875