3 0.4853515625 0.623046875 0.490234375 0.611328125 0.49072265625 0.603515625 0.48388671875 0.5751953125 0.46630859375 0.517578125 0.4560546875 0.5205078125 0.439453125 0.5625 0.4404296875 0.5986328125 0.443359375 0.6103515625 0.45849609375 0.619140625 0.4853515625 0.623046875
3 0.67578125 0.345703125 0.6826171875 0.3681640625 0.681640625 0.373046875 0.685546875 0.380859375 0.69091796875 0.380859375 0.693359375 0.384765625 0.6982421875 0.3828125 0.69775390625 0.4013671875 0.6962890625 0.4033203125 0.69921875 0.40625 0.69921875 0.4267578125 0.6962890625 0.4365234375 0.69189453125 0.4384765625 0.69140625 0.4658203125 0.7294921875 0.4736328125 0.75830078125 0.462890625 0.75390625 0.4482421875 0.75537109375 0.4228515625 0.76025390625 0.404296875 0.76025390625 0.3857421875 0.751953125 0.3193359375 0.75 0.31640625 0.74951171875 0.302734375 0.7294921875 0.2783203125 0.72802734375 0.271484375 0.72412109375 0.267578125 0.72021484375 0.26953125 0.7197265625 0.2744140625 0.71435546875 0.2763671875 0.70703125 0.2666015625 0.69287109375 0.2705078125 0.6845703125 0.2744140625 0.67578125 0.287109375 0.68115234375 0.3056640625 0.67431640625 0.314453125 0.6728515625 0.326171875 0.67578125 0.345703125
3 0.8046875 0.4443359375 0.83740234375 0.4267578125 0.84375 0.404296875 0.84326171875 0.361328125 0.85107421875 0.353515625 0.814453125 0.3310546875 0.81298828125 0.337890625 0.8037109375 0.34375 0.794921875 0.341796875 0.78955078125 0.357421875 0.78662109375 0.376953125 0.79345703125 0.39453125 0.79833984375 0.4423828125 0.8046875 0.4443359375
3 0.416015625 0.3251953125 0.41943359375 0.33203125 0.41162109375 0.353515625 0.423828125 0.3857421875 0.470703125 0.37890625 0.4912109375 0.322265625 0.49072265625 0.3134765625 0.48193359375 0.306640625 0.4794921875 0.2880859375 0.47705078125 0.28515625 0.4501953125 0.28515625 0.43505859375 0.2705078125 0.42724609375 0.2685546875 0.41943359375 0.2763671875 0.4189453125 0.283203125 0.41357421875 0.294921875 0.4150390625 0.3095703125 0.4189453125 0.3125 0.4189453125 0.3193359375 0.416015625 0.3251953125
3 0.59619140625 0.3310546875 0.60595703125 0.3466796875 0.630859375 0.3544921875 0.6376953125 0.3466796875 0.66748046875 0.287109375 0.66845703125 0.283203125 0.6650390625 0.267578125 0.669921875 0.2578125 0.66796875 0.2587890625 0.6611328125 0.2470703125 0.66162109375 0.2392578125 0.6572265625 0.21875 0.66064453125 0.2119140625 0.6337890625 0.19140625 0.599609375 0.2255859375 0.591796875 0.2470703125 0.5810546875 0.2939453125 0.58203125 0.30078125 0.57958984375 0.310546875 0.5830078125 0.3251953125 0.59619140625 0.3310546875
3 0.6474609375 0.4599609375 0.6455078125 0.443359375 0.6396484375 0.4306640625 0.62890625 0.4306640625 0.623046875 0.4482421875 0.62255859375 0.4638671875 0.63037109375 0.4775390625 0.642578125 0.4765625 0.6474609375 0.4599609375
3 0.58740234375 0.779296875 0.59619140625 0.7763671875 0.60107421875 0.7626953125 0.6015625 0.7470703125 0.59716796875 0.7353515625 0.59130859375 0.728515625 0.580078125 0.7265625 0.56982421875 0.73046875 0.56494140625 0.7509765625 0.55810546875 0.7646484375 0.560546875 0.77734375 0.57568359375 0.7890625 0.58056640625 0.7880859375 0.58740234375 0.779296875
3 0.2431640625 0.265625 0.2373046875 0.28515625 0.2529296875 0.298828125 0.26708984375 0.30078125 0.27001953125 0.2978515625 0.2763671875 0.279296875 0.27880859375 0.265625 0.28271484375 0.2646484375 0.283203125 0.2314453125 0.28173828125 0.228515625 0.28173828125 0.2080078125 0.27978515625 0.2021484375 0.23974609375 0.2265625 0.23388671875 0.232421875 0.23876953125 0.236328125 0.23876953125 0.2587890625 0.2431640625 0.265625
3 0.42138671875 0.2041015625 0.4365234375 0.2177734375 0.45556640625 0.201171875 0.4638671875 0.189453125 0.46044921875 0.1826171875 0.4619140625 0.162109375 0.46044921875 0.16015625 0.41357421875 0.1630859375 0.39501953125 0.1572265625 0.38818359375 0.1611328125 0.3896484375 0.189453125 0.4140625 0.2001953125 0.4169921875 0.205078125 0.42138671875 0.2041015625
3 0.181640625 0.3896484375 0.18505859375 0.3876953125 0.1962890625 0.3671875 0.20361328125 0.3466796875 0.20703125 0.3251953125 0.20556640625 0.3154296875 0.2021484375 0.3095703125 0.1875 0.310546875 0.17919921875 0.3203125 0.17138671875 0.3359375 0.169921875 0.34765625 0.171875 0.361328125 0.17919921875 0.3876953125 0.181640625 0.3896484375
3 0.244140625 0.638671875 0.2470703125 0.6279296875 0.25146484375 0.6279296875 0.25048828125 0.619140625 0.25341796875 0.6005859375 0.251953125 0.58984375 0.2421875 0.5849609375 0.2353515625 0.576171875 0.22021484375 0.5771484375 0.21923828125 0.5810546875 0.2236328125 0.595703125 0.240234375 0.638671875 0.244140625 0.638671875
3 0.5361328125 0.3154296875 0.544921875 0.314453125 0.55126953125 0.298828125 0.5546875 0.2783203125 0.55126953125 0.267578125 0.54541015625 0.259765625 0.53173828125 0.259765625 0.525390625 0.255859375 0.52099609375 0.2607421875 0.513671875 0.2783203125 0.5126953125 0.2880859375 0.51416015625 0.294921875 0.5205078125 0.306640625 0.5361328125 0.3154296875
3 0.57568359375 0.2509765625 0.580078125 0.232421875 0.5751953125 0.2294921875 0.5751953125 0.21875 0.5771484375 0.2158203125 0.57080078125 0.21484375 0.5595703125 0.2001953125 0.54931640625 0.2060546875 0.5322265625 0.2314453125 0.53271484375 0.2451171875 0.5556640625 0.2607421875 0.572265625 0.2568359375 0.57568359375 0.2509765625