3 0.552734375 0.298828125 0.5546875 0.29296875 0.556640625 0.2939453125 0.55615234375 0.2861328125 0.560546875 0.27734375 0.564453125 0.2861328125 0.572265625 0.2822265625 0.56396484375 0.24609375 0.55908203125 0.236328125 0.5576171875 0.22265625 0.560546875 0.2119140625 0.55810546875 0.2119140625 0.55322265625 0.220703125 0.544921875 0.2109375 0.5302734375 0.2265625 0.52392578125 0.2294921875 0.51904296875 0.2451171875 0.5205078125 0.2666015625 0.529296875 0.2861328125 0.537109375 0.294921875 0.552734375 0.298828125
3 0.60205078125 0.427734375 0.6181640625 0.4208984375 0.61474609375 0.400390625 0.59912109375 0.3583984375 0.5849609375 0.365234375 0.5791015625 0.3779296875 0.5791015625 0.388671875 0.5771484375 0.392578125 0.5849609375 0.419921875 0.60205078125 0.427734375
3 0.4248046875 0.626953125 0.42529296875 0.63671875 0.4345703125 0.642578125 0.44677734375 0.6416015625 0.44970703125 0.6357421875 0.45458984375 0.640625 0.45849609375 0.626953125 0.45947265625 0.611328125 0.455078125 0.564453125 0.435546875 0.5556640625 0.42626953125 0.57421875 0.4267578125 0.5830078125 0.42236328125 0.603515625 0.42236328125 0.6220703125 0.4248046875 0.626953125
3 0.384765625 0.568359375 0.404296875 0.5185546875 0.416015625 0.4765625 0.388671875 0.478515625 0.37890625 0.490234375 0.3720703125 0.50390625 0.37255859375 0.525390625 0.38330078125 0.5517578125 0.3828125 0.5654296875 0.384765625 0.568359375
3 0.30810546875 0.6279296875 0.314453125 0.6376953125 0.31884765625 0.6572265625 0.33349609375 0.662109375 0.3427734375 0.65234375 0.34521484375 0.6552734375 0.34814453125 0.6494140625 0.345703125 0.607421875 0.33056640625 0.5859375 0.326171875 0.5712890625 0.3173828125 0.564453125 0.310546875 0.55078125 0.30224609375 0.548828125 0.29931640625 0.5517578125 0.2900390625 0.5830078125 0.2890625 0.5908203125 0.29296875 0.6044921875 0.3076171875 0.6162109375 0.30810546875 0.6279296875
3 0.26318359375 0.783203125 0.271484375 0.7919921875 0.27880859375 0.791015625 0.28369140625 0.779296875 0.28515625 0.7666015625 0.29541015625 0.751953125 0.29638671875 0.744140625 0.29443359375 0.7275390625 0.29052734375 0.7158203125 0.27685546875 0.716796875 0.26806640625 0.712890625 0.263671875 0.7060546875 0.2568359375 0.7060546875 0.25146484375 0.7109375 0.24853515625 0.701171875 0.24462890625 0.7080078125 0.24658203125 0.716796875 0.2431640625 0.7236328125 0.244140625 0.7509765625 0.26318359375 0.783203125
3 0.3916015625 0.7421875 0.40771484375 0.7314453125 0.40673828125 0.7275390625 0.4091796875 0.7197265625 0.4111328125 0.6953125 0.40478515625 0.6796875 0.39404296875 0.6767578125 0.38525390625 0.68359375 0.38037109375 0.703125 0.37939453125 0.720703125 0.38134765625 0.732421875 0.3876953125 0.7421875 0.3916015625 0.7421875
3 0.3515625 0.8740234375 0.34814453125 0.876953125 0.35302734375 0.8818359375 0.3544921875 0.8916015625 0.35302734375 0.8955078125 0.35498046875 0.89453125 0.36669921875 0.912109375 0.37255859375 0.916015625 0.380859375 0.9130859375 0.3876953125 0.923828125 0.39111328125 0.919921875 0.3916015625 0.9140625 0.3955078125 0.9140625 0.3984375 0.921875 0.404296875 0.9228515625 0.4111328125 0.908203125 0.4072265625 0.8916015625 0.400390625 0.8876953125 0.39697265625 0.890625 0.3896484375 0.8837890625 0.388671875 0.8720703125 0.38427734375 0.865234375 0.38525390625 0.8603515625 0.37744140625 0.8515625 0.37548828125 0.8564453125 0.37646484375 0.8642578125 0.3720703125 0.869140625 0.3662109375 0.8681640625 0.361328125 0.859375 0.35595703125 0.8623046875 0.35205078125 0.857421875 0.3486328125 0.8583984375 0.34814453125 0.8525390625 0.34423828125 0.8515625 0.341796875 0.8525390625 0.34521484375 0.853515625 0.35205078125 0.8671875 0.3515625 0.8740234375
3 0.4833984375 0.8837890625 0.4765625 0.833984375 0.4619140625 0.8330078125 0.45849609375 0.8369140625 0.4560546875 0.8505859375 0.45751953125 0.8720703125 0.462890625 0.8876953125 0.47314453125 0.888671875 0.4833984375 0.8837890625
3 0.4716796875 0.7783203125 0.47021484375 0.7548828125 0.46728515625 0.751953125 0.46240234375 0.736328125 0.45849609375 0.7353515625 0.45068359375 0.7431640625 0.44873046875 0.765625 0.4482421875 0.7783203125 0.455078125 0.79296875 0.46630859375 0.79296875 0.4716796875 0.7783203125
3 0.53955078125 0.9267578125 0.54931640625 0.923828125 0.5595703125 0.9111328125 0.5615234375 0.8994140625 0.56494140625 0.896484375 0.56787109375 0.8837890625 0.56591796875 0.8828125 0.56591796875 0.876953125 0.56396484375 0.876953125 0.52978515625 0.9052734375 0.517578125 0.9052734375 0.5087890625 0.912109375 0.51171875 0.9169921875 0.525390625 0.923828125 0.53955078125 0.9267578125
3 0.486328125 0.8818359375 0.48583984375 0.8857421875 0.50439453125 0.892578125 0.5283203125 0.8916015625 0.533203125 0.8955078125 0.564453125 0.861328125 0.5634765625 0.8486328125 0.560546875 0.845703125 0.556640625 0.8310546875 0.55712890625 0.8251953125 0.55126953125 0.818359375 0.55078125 0.8134765625 0.53466796875 0.802734375 0.53271484375 0.796875 0.5213217765625 0.7958984375 0.51318359375 0.779296875 0.50732421875 0.7783203125 0.505859375 0.7734375 0.4921875 0.7900390625 0.4814453125 0.810546875 0.478515625 0.818359375 0.4814453125 0.83984375 0.48095703125 0.8681640625 0.486328125 0.8818359375