3 0.47802734375 0.2734375 0.484375 0.25390625 0.4794921875 0.232421875 0.47412109375 0.2265625 0.45703125 0.220703125 0.45068359375 0.2236328125 0.443359375 0.2333984375 0.43408203125 0.2568359375 0.43505859375 0.267578125 0.44970703125 0.29296875 0.46337890625 0.294921875 0.47802734375 0.2734375
3 0.4130859375 0.41015625 0.423828125 0.3984375 0.42578125 0.392578125 0.42236328125 0.3876953125 0.42236328125 0.37890625 0.41650390625 0.365234375 0.40380859375 0.35546875 0.3955078125 0.3662109375 0.388671875 0.3876953125 0.38427734375 0.404296875 0.39208984375 0.4052734375 0.4033203125 0.4140625 0.4130859375 0.41015625
3 0.55224609375 0.6650390625 0.56396484375 0.662109375 0.572265625 0.654296875 0.57666015625 0.6162109375 0.57666015625 0.60546875 0.5732421875 0.5908203125 0.5615234375 0.58203125 0.5478515625 0.5830078125 0.54345703125 0.5908203125 0.54150390625 0.6064453125 0.5419921875 0.6279296875 0.5439453125 0.6416015625 0.55224609375 0.6650390625
3 0.61181640625 0.7421875 0.61669921875 0.7353515625 0.6201171875 0.716796875 0.61962890625 0.7060546875 0.615234375 0.685546875 0.61083984375 0.677734375 0.60693359375 0.673828125 0.60107421875 0.67578125 0.595703125 0.6796875 0.5888671875 0.6923828125 0.58984375 0.716796875 0.5947265625 0.732421875 0.60693359375 0.7421875 0.61181640625 0.7421875
3 0.47412109375 0.8876953125 0.49365234375 0.8916015625 0.5048828125 0.8837890625 0.50390625 0.8564453125 0.501953125 0.8515625 0.4970703125 0.853515625 0.49267578125 0.8505859375 0.4853515625 0.82421875 0.484375 0.8037109375 0.48193359375 0.798828125 0.466796875 0.8017578125 0.46044921875 0.828125 0.4599609375 0.845703125 0.466796875 0.8515625 0.4755859375 0.8828125 0.47412109375 0.8876953125
3 0.54833984375 0.884765625 0.5478515625 0.8759765625 0.55029296875 0.873046875 0.55224609375 0.853515625 0.54931640625 0.837890625 0.5263671875 0.8193359375 0.52392578125 0.8203125 0.521484375 0.830078125 0.52099609375 0.853515625 0.52685546875 0.8837890625 0.5400390625 0.8876953125 0.54833984375 0.884765625
3 0.609375 0.84765625 0.6064453125 0.8603515625 0.61083984375 0.859375 0.6142578125 0.87109375 0.62841796875 0.8681640625 0.650390625 0.8564453125 0.6591796875 0.849609375 0.66748046875 0.8359375 0.66796875 0.830078125 0.65087890625 0.8115234375 0.61279296875 0.7998046875 0.61279296875 0.8037109375 0.6064453125 0.8134765625 0.6064453125 0.828125 0.609375 0.84765625
3 0.615234375 0.55078125 0.6259765625 0.537109375 0.63330078125 0.490234375 0.62939453125 0.4775390625 0.6162109375 0.4736328125 0.58984375 0.4775390625 0.587890625 0.482421875 0.60009765625 0.5263671875 0.6083984375 0.546875 0.615234375 0.55078125
3 0.681640625 0.654296875 0.681640625 0.6318359375 0.6748046875 0.6123046875 0.65771484375 0.6083984375 0.65234375 0.6171875 0.65185546875 0.6328125 0.6552734375 0.650390625 0.66796875 0.6640625 0.681640625 0.654296875
3 0.71728515625 0.798828125 0.720703125 0.80078125 0.7294921875 0.79296875 0.74462890625 0.7666015625 0.74853515625 0.732421875 0.74853515625 0.7158203125 0.74609375 0.708984375 0.736328125 0.7080078125 0.72802734375 0.71875 0.708984375 0.7177734375 0.7060546875 0.7255859375 0.70556640625 0.7470703125 0.7138671875 0.7705078125 0.7138671875 0.7880859375 0.71728515625 0.798828125
3 0.71142578125 0.591796875 0.70458984375 0.5595703125 0.7001953125 0.55078125 0.6904296875 0.5517578125 0.68359375 0.5634765625 0.685546875 0.587890625 0.69140625 0.5966796875 0.705078125 0.6015625 0.71142578125 0.591796875