3 0.47119140625 0.1259765625 0.4716796875 0.1357421875 0.46826171875 0.146484375 0.46142578125 0.150390625 0.45849609375 0.15625 0.458984375 0.1708984375 0.46630859375 0.205078125 0.486328125 0.2099609375 0.4921875 0.203125 0.498046875 0.2041015625 0.50146484375 0.2119140625 0.50634765625 0.208984375 0.50830078125 0.2041015625 0.505859375 0.2021484375 0.50439453125 0.1689453125 0.50634765625 0.166015625 0.50634765625 0.1572265625 0.50439453125 0.1474609375 0.50732421875 0.138671875 0.51025390625 0.1376953125 0.51123046875 0.115234375 0.4951171875 0.109375 0.48046875 0.109375 0.46044921875 0.115234375 0.45068359375 0.123046875 0.4658203125 0.123046875 0.46826171875 0.1201171875 0.47119140625 0.1259765625
3 0.57275390625 0.4501953125 0.57421875 0.443359375 0.580078125 0.4384765625 0.58251953125 0.431640625 0.583984375 0.416015625 0.57861328125 0.396484375 0.57958984375 0.3876953125 0.57763671875 0.373046875 0.5732421875 0.36328125 0.560546875 0.3525390625 0.544921875 0.3564453125 0.53271484375 0.4033203125 0.52978515625 0.419921875 0.5439453125 0.44921875 0.54833984375 0.453125 0.57275390625 0.4501953125
3 0.609375 0.328125 0.6142578125 0.3203125 0.62109375 0.2861328125 0.61767578125 0.265625 0.61083984375 0.255859375 0.591796875 0.2666015625 0.5888671875 0.2919921875 0.58984375 0.3125 0.59521484375 0.3271484375 0.599609375 0.3310546875 0.609375 0.328125
3 0.60693359375 0.1728515625 0.60986328125 0.177734375 0.61328125 0.177734375 0.61962890625 0.1943359375 0.65869140625 0.189453125 0.6689453125 0.18359375 0.67333984375 0.1865234375 0.67431640625 0.18359375 0.6748046875 0.1748046875 0.6630859375 0.1533203125 0.65625 0.146484375 0.625 0.12890625 0.60302734375 0.12109375 0.60546875 0.1279296875 0.603515625 0.1376953125 0.6083984375 0.15478515625 0.60693359375 0.1728515625
3 0.71923828125 0.26953125 0.72021484375 0.2783203125 0.72216796875 0.2763671875 0.73974609375 0.2919921875 0.74609375 0.2890625 0.74755859375 0.267578125 0.74462890625 0.2314453125 0.736328125 0.216796875 0.728515625 0.2109375 0.720703125 0.2158203125 0.71875 0.2265625 0.71630859375 0.228515625 0.712890625 0.240234375 0.7138671875 0.248046875 0.720703125 0.26171875 0.71923828125 0.26953125
3 0.70458984375 0.439453125 0.71142578125 0.408203125 0.70263671875 0.3974609375 0.693359375 0.3974609375 0.6845703125 0.4072265625 0.68310546875 0.435546875 0.6884765625 0.4443359375 0.6962890625 0.44921875 0.70458984375 0.439453125
3 0.72216796875 0.2734375 0.7236328125 0.2578125 0.71533203125 0.240234375 0.70849609375 0.2421875 0.7021484375 0.255859375 0.70166015625 0.26171875 0.70849609375 0.2822265625 0.71875 0.279296875 0.72216796875 0.2734375
3 0.61083984375 0.5205078125 0.61865234375 0.5166015625 0.63232421875 0.517578125 0.63916015625 0.5107421875 0.638671875 0.5009765625 0.64306640625 0.4970703125 0.64208984375 0.4619140625 0.6357421875 0.4501953125 0.62255859375 0.439453125 0.615234375 0.439453125 0.6083984375 0.4501953125 0.59765625 0.4814453125 0.595703125 0.498046875 0.6005859375 0.5048828125 0.6025390625 0.513671875 0.61083984375 0.5205078125
3 0.67919921875 0.3837890625 0.6806640625 0.376953125 0.68115234375 0.3486328125 0.67822265625 0.341796875 0.6708984375 0.3359375 0.66455078125 0.337890625 0.65283203125 0.3583984375 0.65185546875 0.3798828125 0.6552734375 0.3916015625 0.6728515625 0.3935546875 0.67919921875 0.3837890625
3 0.45166015625 0.783203125 0.4697265625 0.8115234375 0.48291015625 0.82421875 0.49462890625 0.826171875 0.49462890625 0.8173828125 0.48828125 0.810546875 0.4873046875 0.77734375 0.48388671875 0.765625 0.486328125 0.763671875 0.48681640625 0.7470703125 0.46923828125 0.7080078125 0.46044921875 0.7021484375 0.45068359375 0.7041015625 0.44384765625 0.7138671875 0.43798828125 0.732421875 0.4345703125 0.736328125 0.43603515625 0.75 0.4423828125 0.767578125 0.44873046875 0.7734375 0.45166015625 0.783203125
3 0.41943359375 0.634765625 0.4189453125 0.6298828125 0.421875 0.626953125 0.42431640625 0.615234375 0.4228515625 0.6025390625 0.41162109375 0.5888671875 0.39990234375 0.5908203125 0.3935546875 0.599609375 0.392578125 0.619140625 0.3974609375 0.63671875 0.40380859375 0.646484375 0.41943359375 0.634765625
3 0.5302734375 0.259765625 0.53271484375 0.265625 0.54638671875 0.2626953125 0.54931640625 0.25390625 0.55908203125 0.244140625 0.55810546875 0.23828125 0.5595703125 0.2353515625 0.5654296875 0.2314453125 0.56103515625 0.2119140625 0.556640625 0.2060546875 0.55908203125 0.1982421875 0.5625 0.197265625 0.5576171875 0.19140625 0.52587890625 0.1982421875 0.52099609375 0.1962890625 0.517578125 0.2001953125 0.515625 0.208984375 0.51318359375 0.2080078125 0.51220703125 0.2158203125 0.52294921875 0.24609375 0.53076171875 0.2548828125 0.5302734375 0.259765625
3 0.54443359375 0.1572265625 0.54296875 0.130859375 0.53564453125 0.115234375 0.52880859375 0.1181640625 0.5224609375 0.1435546875 0.5224609375 0.1689453125 0.52685546875 0.173828125 0.5361328125 0.1708984375 0.54443359375 0.1572265625