3 0.33740234375 0.5390625 0.3486328125 0.5322265625 0.35009765625 0.525390625 0.34814453125 0.5244140625 0.34716796875 0.5126953125 0.33935546875 0.501953125 0.33837890625 0.494140625 0.33203125 0.4912109375 0.32958984375 0.4853515625 0.32958984375 0.458984375 0.31982421875 0.45703125 0.31494140625 0.4501953125 0.3017578125 0.4453125 0.28662109375 0.455078125 0.2841796875 0.4599609375 0.2822265625 0.4658203125 0.2822265625 0.4970703125 0.2783203125 0.501953125 0.2744140625 0.5166015625 0.2705078125 0.5166015625 0.2666015625 0.529296875 0.26611328125 0.5439453125 0.26806640625 0.546875 0.28662109375 0.5478515625 0.33740234375 0.5390625
3 0.16845703125 0.544921875 0.16845703125 0.556640625 0.17333984375 0.5654296875 0.18408203125 0.5615234375 0.18896484375 0.56640625 0.19775390625 0.5634765625 0.20458984375 0.55859375 0.208984375 0.4970703125 0.20654296875 0.4892578125 0.19970703125 0.484375 0.19921875 0.4697265625 0.19287109375 0.4609375 0.185546875 0.4580078125 0.16796875 0.4931640625 0.15869140625 0.521484375 0.15673828125 0.529296875 0.1640625 0.533203125 0.166015625 0.5439453125 0.16845703125 0.544921875
3 0.2900390625 0.7392578125 0.29052734375 0.7431640625 0.2978515625 0.7470703125 0.32373046875 0.7470703125 0.33740234375 0.736328125 0.34033203125 0.7294921875 0.32421875 0.6982421875 0.30224609375 0.669921875 0.27880859375 0.6865234375 0.2763671875 0.693359375 0.2724609375 0.7119140625 0.27392578125 0.7197265625 0.27880859375 0.728515625 0.2900390625 0.7392578125
3 0.2587890625 0.4111328125 0.27099609375 0.40625 0.2919921875 0.3759765625 0.30224609375 0.3447265625 0.298828125 0.3388671875 0.28662109375 0.3330078125 0.2431640625 0.373046875 0.2412109375 0.3798828125 0.251953125 0.3994140625 0.25146484375 0.404296875 0.2587890625 0.4111328125
3 0.3974609375 0.298828125 0.39306640625 0.30859375 0.3876953125 0.310546875 0.38720703125 0.31640625 0.376953125 0.3408203125 0.3798828125 0.3466796875 0.38427734375 0.37109375 0.38818359375 0.3759765625 0.40380859375 0.3828125 0.4150390625 0.3759765625 0.423828125 0.380859375 0.4609375 0.3134765625 0.45556640625 0.2919921875 0.45947265625 0.275390625 0.46337890625 0.2705078125 0.46142578125 0.251953125 0.458984375 0.248046875 0.4306640625 0.232421875 0.41162109375 0.2373046875 0.4033203125 0.244140625 0.39501953125 0.2587890625 0.39599609375 0.2724609375 0.39453125 0.283203125 0.39794921875 0.2939453125 0.3974609375 0.298828125
3 0.58203125 0.7431640625 0.578125 0.75390625 0.57568359375 0.7509765625 0.57421875 0.76171875 0.5830078125 0.7900390625 0.58203125 0.7939453125 0.58642578125 0.796875 0.58251953125 0.806640625 0.58837890625 0.814453125 0.59716796875 0.810546875 0.61279296875 0.814453125 0.6279296875 0.806640625 0.634765625 0.791015625 0.6376953125 0.767578125 0.63232421875 0.7578125 0.63330078125 0.7392578125 0.63623046875 0.73046875 0.6318359375 0.712890625 0.62939453125 0.7109375 0.6201171875 0.6845703125 0.615234375 0.6787109375 0.61083984375 0.6630859375 0.595703125 0.6611328125 0.5849609375 0.6767578125 0.58203125 0.685546875 0.58056640625 0.69921875 0.58203125 0.7021484375 0.58056640625 0.716796875 0.58203125 0.7431640625
3 0.3857421875 0.7216796875 0.39208984375 0.7158203125 0.39501953125 0.697265625 0.3837890625 0.654296875 0.376953125 0.6455078125 0.37255859375 0.646484375 0.3662109375 0.654296875 0.36181640625 0.6689453125 0.3603515625 0.6845703125 0.36474609375 0.7021484375 0.37451171875 0.7197265625 0.3857421875 0.7216796875
3 0.279296875 0.619140625 0.29443359375 0.640625 0.30419921875 0.63671875 0.3046875 0.630859375 0.3095703125 0.625 0.314453125 0.6318359375 0.31689453125 0.619140625 0.31591796875 0.6083984375 0.32373046875 0.587890625 0.322265625 0.5751953125 0.31787109375 0.5654296875 0.2919921875 0.5595703125 0.28466796875 0.5615234375 0.28173828125 0.5673828125 0.28515625 0.5830078125 0.2841796875 0.5927734375 0.27783203125 0.595703125 0.279296875 0.619140625
3 0.55029296875 0.404296875 0.55810546875 0.4091796875 0.57275390625 0.41015625 0.57958984375 0.404296875 0.58349609375 0.388671875 0.5888671875 0.3798828125 0.59716796875 0.34375 0.595703125 0.333984375 0.587890625 0.3232421875 0.587890625 0.3173828125 0.5751953125 0.30078125 0.56787109375 0.2978515625 0.5546875 0.3056640625 0.54638671875 0.318359375 0.53662109375 0.337890625 0.533203125 0.3505859375 0.52880859375 0.3564453125 0.5244140625 0.373046875 0.5400390625 0.4033203125 0.544921875 0.4072265625 0.55029296875 0.404296875
3 0.7294921875 0.3388671875 0.74658203125 0.34765625 0.76123046875 0.330078125 0.74560546875 0.3134765625 0.72119140625 0.2978515625 0.71337890625 0.302734375 0.705078125 0.30078125 0.69580078125 0.3212890625 0.6953125 0.330078125 0.70068359375 0.3369140625 0.71728515625 0.3232421875 0.7294921875 0.3388671875
3 0.76953125 0.3876953125 0.77294921875 0.396484375 0.78369140625 0.3916015625 0.78955078125 0.3779296875 0.7900390625 0.369140625 0.77880859375 0.349609375 0.77587890625 0.3505859375 0.76806640625 0.365234375 0.76708984375 0.37109375 0.7626953125 0.3759765625 0.7626953125 0.3837890625 0.76953125 0.3876953125
3 0.80126953125 0.525390625 0.80078125 0.5439453125 0.802734375 0.5556640625 0.82177734375 0.5673828125 0.83056640625 0.5654296875 0.8359375 0.552734375 0.8427734375 0.5458984375 0.8466796875 0.53125 0.8505859375 0.5263671875 0.845703125 0.50390625 0.82177734375 0.443359375 0.80615234375 0.41015625 0.8017578125 0.4140625 0.80224609375 0.427734375 0.80029296875 0.4375 0.7958984375 0.439453125 0.79296875 0.4580078125 0.7939453125 0.4853515625 0.8056640625 0.5078125 0.8046875 0.5185546875 0.80126953125 0.525390625
3 0.5400390625 0.236328125 0.54638671875 0.23046875 0.54833984375 0.232421875 0.552734375 0.220703125 0.55224609375 0.216796875 0.54443359375 0.208984375 0.533203125 0.2041015625 0.51708984375 0.20703125 0.50927734375 0.216796875 0.50732421875 0.224609375 0.51220703125 0.2353515625 0.5205078125 0.240234375 0.5400390625 0.236328125
3 0.306640625 0.3564453125 0.31884765625 0.36328125 0.3212890625 0.3720703125 0.32861328125 0.3642578125 0.3359375 0.3623046875 0.3388671875 0.3642578125 0.341796875 0.3759765625 0.345703125 0.376953125 0.34814453125 0.3681640625 0.35791015625 0.3544921875 0.36181640625 0.341796875 0.36279296875 0.3115234375 0.365234375 0.306640625 0.365234375 0.2734375 0.353515625 0.2685546875 0.3271484375 0.279296875 0.3134765625 0.2939453125 0.30224609375 0.3154296875 0.30126953125 0.318359375 0.30517578125 0.326171875 0.30419921875 0.341796875 0.306640625 0.3564453125
3 0.36767578125 0.5146484375 0.369140625 0.5205078125 0.3857421875 0.486328125 0.3857421875 0.48046875 0.39111328125 0.4716796875 0.3935546875 0.4560546875 0.39990234375 0.4384765625 0.38134765625 0.4384765625 0.37158203125 0.4521484375 0.3681640625 0.470703125 0.36474609375 0.4697265625 0.3642578125 0.4873046875 0.361328125 0.4970703125 0.36865234375 0.5029296875 0.36767578125 0.5146484375