3 0.486328125 0.6240234375 0.49609375 0.6083984375 0.49755859375 0.5908203125 0.4951171875 0.5576171875 0.49853515625 0.521484375 0.4716796875 0.51953125 0.46142578125 0.5224609375 0.45751953125 0.5283203125 0.4462890625 0.57421875 0.44580078125 0.5908203125 0.45166015625 0.611328125 0.47021484375 0.62890625 0.486328125 0.6240234375
3 0.63427734375 0.5986328125 0.64697265625 0.5712890625 0.6484375 0.5634765625 0.64501953125 0.5556640625 0.642578125 0.5205078125 0.640625 0.517578125 0.6298828125 0.5126953125 0.60498046875 0.5126953125 0.5966796875 0.5205078125 0.59814453125 0.5732421875 0.60693359375 0.5927734375 0.62158203125 0.5986328125 0.63427734375 0.5986328125
3 0.63037109375 0.703125 0.64453125 0.66796875 0.64404296875 0.6279296875 0.638671875 0.6201171875 0.63037109375 0.6220703125 0.6103515625 0.671875 0.60986328125 0.6787109375 0.61572265625 0.697265625 0.62255859375 0.7041015625 0.63037109375 0.703125
3 0.82958984375 0.525390625 0.83740234375 0.525390625 0.8408203125 0.455078125 0.83984375 0.439453125 0.82470703125 0.4052734375 0.82275390625 0.3935546875 0.82373046875 0.37890625 0.82177734375 0.373046875 0.814453125 0.3642578125 0.8056640625 0.37109375 0.79052734375 0.3642578125 0.7861328125 0.3740234375 0.78271484375 0.3740234375 0.7822265625 0.380859375 0.79541015625 0.4306640625 0.82470703125 0.51953125 0.82958984375 0.525390625
3 0.48046875 0.4091796875 0.49365234375 0.41015625 0.50244140625 0.3974609375 0.5068359375 0.369140625 0.50634765625 0.361328125 0.5087890625 0.3564453125 0.505859375 0.3388671875 0.501953125 0.3310546875 0.49609375 0.3310546875 0.49462890625 0.326171875 0.48974609375 0.3232421875 0.46923828125 0.3447265625 0.46630859375 0.3427734375 0.4619140625 0.3642578125 0.46142578125 0.373046875 0.46630859375 0.3994140625 0.46875 0.3984375 0.48046875 0.4091796875
3 0.43896484375 0.3447265625 0.447265625 0.3349609375 0.44970703125 0.2978515625 0.44677734375 0.2890625 0.43310546875 0.287109375 0.41943359375 0.30078125 0.41748046875 0.3046875 0.41796875 0.3095703125 0.43408203125 0.3447265625 0.43896484375 0.3447265625
3 0.474609375 0.2578125 0.4775390625 0.2490234375 0.47900390625 0.20703125 0.4755859375 0.1923828125 0.4501953125 0.189453125 0.44384765625 0.2021484375 0.44287109375 0.2109375 0.4423828125 0.2275390625 0.45703125 0.24609375 0.47021484375 0.2578125 0.474609375 0.2578125
3 0.5234375 0.3251953125 0.5283203125 0.32421875 0.53759765625 0.314453125 0.54150390625 0.2958984375 0.544921875 0.29296875 0.54296875 0.2822265625 0.54541015625 0.275390625 0.54296875 0.2705078125 0.54052734375 0.232421875 0.5283203125 0.2255859375 0.52001953125 0.232421875 0.51171875 0.25 0.51318359375 0.26171875 0.5107421875 0.279296875 0.51318359375 0.3134765625 0.5234375 0.3251953125
3 0.34375 0.419921875 0.36279296875 0.4072265625 0.36669921875 0.388671875 0.35009765625 0.3564453125 0.33740234375 0.3408203125 0.3310546875 0.3564453125 0.32666015625 0.3759765625 0.32666015625 0.38671875 0.33154296875 0.40625 0.34375 0.419921875
3 0.330078125 0.4697265625 0.33544921875 0.455078125 0.3369140625 0.443359375 0.33642578125 0.435546875 0.32958984375 0.4140625 0.31787109375 0.408203125 0.30810546875 0.4228515625 0.3076171875 0.431640625 0.3125 0.447265625 0.32568359375 0.4716796875 0.330078125 0.4697265625
3 0.715087890625 0.712890625 0.7314453125 0.720703125 0.74169921875 0.7158203125 0.73583984375 0.701171875 0.7216796875 0.6923828125 0.712890625 0.693359375 0.6962890625 0.7099609375 0.69580078125 0.71484375 0.70458984375 0.7236328125 0.70947265625 0.7158203125 0.715087890625 0.712890625
3 0.248046875 0.546875 0.25244140625 0.5400390625 0.25341796875 0.5283203125 0.25732421875 0.517578125 0.25634765625 0.5146484375 0.2509765625 0.515625 0.23388671875 0.53125 0.232421875 0.5390625 0.23486328125 0.54296875 0.240234375 0.5478515625 0.248046875 0.546875