3 0.28759765625 0.611328125 0.28857421875 0.60546875 0.29443359375 0.59765625 0.29931640625 0.599609375 0.30126953125 0.57421875 0.29833984375 0.5439453125 0.287109375 0.5341796875 0.27978515625 0.53515625 0.26904296875 0.5595703125 0.26806640625 0.5771484375 0.27099609375 0.603515625 0.275390625 0.6025390625 0.28759765625 0.611328125
3 0.43896484375 0.5830078125 0.41845703125 0.583984375 0.40625 0.58984375 0.39794921875 0.6064453125 0.3955078125 0.6181640625 0.3994140625 0.6376953125 0.40869140625 0.646484375 0.42333984375 0.6318359375 0.43896484375 0.5830078125
3 0.412109375 0.7353515625 0.423828125 0.732421875 0.4267578125 0.728515625 0.42724609375 0.72265625 0.43994140625 0.7080078125 0.4375 0.6884765625 0.43408203125 0.6845703125 0.435546875 0.6767578125 0.4306640625 0.6728515625 0.42724609375 0.6630859375 0.423828125 0.66015625 0.404296875 0.6640625 0.39013671875 0.6923828125 0.38916015625 0.701171875 0.39208984375 0.7158203125 0.40185546875 0.7314453125 0.412109375 0.7353515625
3 0.6259765625 0.4892578125 0.625 0.498046875 0.63720703125 0.5009765625 0.65625 0.4990234375 0.654296875 0.4853515625 0.65625 0.482421875 0.65673828125 0.4658203125 0.65478515625 0.4501953125 0.65087890625 0.439453125 0.63427734375 0.427734375 0.626953125 0.431640625 0.61962890625 0.443359375 0.6171875 0.4599609375 0.6171875 0.4775390625 0.6181640625 0.482421875 0.6259765625 0.4892578125
3 0.837890625 0.5166015625 0.845703125 0.5126953125 0.83935546875 0.48046875 0.83056640625 0.4619140625 0.81787109375 0.453125 0.81103515625 0.4609375 0.80810546875 0.4697265625 0.8076171875 0.490234375 0.8125 0.5078125 0.82763671875 0.515625 0.837890625 0.5166015625
3 0.67333984375 0.755859375 0.6845703125 0.75 0.7099609375 0.7197265625 0.705078125 0.708984375 0.6943359375 0.7099609375 0.69189453125 0.705078125 0.6708984375 0.7041015625 0.66259765625 0.70703125 0.6533203125 0.71875 0.65380859375 0.7421875 0.6494140625 0.748046875 0.66357421875 0.755859375 0.67333984375 0.755859375
3 0.52392578125 0.78125 0.5419921875 0.806640625 0.55419921875 0.8076171875 0.560546875 0.802734375 0.552734375 0.7509765625 0.541015625 0.740234375 0.533203125 0.7421875 0.50341796875 0.7666015625 0.50146484375 0.7724609375 0.50830078125 0.7783203125 0.5185546875 0.77734375 0.52392578125 0.78125
3 0.37744140625 0.8193359375 0.3935546875 0.814453125 0.40087890625 0.806640625 0.3984375 0.8037109375 0.39599609375 0.7900390625 0.3837890625 0.7763671875 0.3720703125 0.73828125 0.361328125 0.7421875 0.34619140625 0.755859375 0.32080078125 0.7548828125 0.318359375 0.7509765625 0.30615234375 0.7470703125 0.3056640625 0.75390625 0.302734375 0.7568359375 0.302734375 0.7646484375 0.310546875 0.783203125 0.341796875 0.810546875 0.37744140625 0.8193359375
3 0.47216796875 0.3388671875 0.48291015625 0.3447265625 0.49951171875 0.328125 0.50048828125 0.310546875 0.49755859375 0.294921875 0.482421875 0.2919921875 0.4736328125 0.2958984375 0.47021484375 0.302734375 0.466796875 0.2998046875 0.4619140625 0.3095703125 0.4619140625 0.330078125 0.46630859375 0.341796875 0.47216796875 0.3388671875
3 0.3857421875 0.3427734375 0.3955078125 0.330078125 0.3935546875 0.3232421875 0.396484375 0.3154296875 0.396484375 0.2822265625 0.3720703125 0.279296875 0.36865234375 0.2861328125 0.36962890625 0.29296875 0.36474609375 0.298828125 0.36376953125 0.310546875 0.3671875 0.328125 0.3740234375 0.3408203125 0.3857421875 0.3427734375
3 0.345703125 0.2861328125 0.35107421875 0.283203125 0.35595703125 0.2744140625 0.3564453125 0.251953125 0.3544921875 0.240234375 0.35107421875 0.234375 0.34130859375 0.234375 0.3349609375 0.24609375 0.3359375 0.255859375 0.33447265625 0.2626953125 0.3369140625 0.279296875 0.345703125 0.2861328125
3 0.232421875 0.689453125 0.25146484375 0.67578125 0.30322265625 0.7431640625 0.3056640625 0.7509765625 0.3212890625 0.7509765625 0.32421875 0.748046875 0.322265625 0.693359375 0.318359375 0.6875 0.318359375 0.6806640625 0.31396484375 0.669921875 0.3115234375 0.67578125 0.298828125 0.669921875 0.296875 0.671875 0.29248046875 0.658203125 0.27685546875 0.669921875 0.27099609375 0.669921875 0.26513671875 0.658203125 0.25 0.6484375 0.240234375 0.6494140625 0.2255859375 0.6611328125 0.2236328125 0.6650390625 0.22412109375 0.68359375 0.2265625 0.6826171875 0.232421875 0.689453125