3 0.31982421875 0.6103515625 0.3291015625 0.6201171875 0.33984375 0.615234375 0.35009765625 0.5888671875 0.3525390625 0.5595703125 0.3662109375 0.5322265625 0.3662109375 0.509765625 0.36328125 0.49609375 0.35693359375 0.490234375 0.35302734375 0.4970703125 0.34521484375 0.5009765625 0.337890625 0.4794921875 0.33056640625 0.4736328125 0.32568359375 0.4755859375 0.32080078125 0.4853515625 0.31103515625 0.4931640625 0.302734375 0.4892578125 0.298828125 0.498046875 0.29638671875 0.517578125 0.3056640625 0.53125 0.3046875 0.546875 0.2998046875 0.5595703125 0.287109375 0.5732421875 0.28515625 0.5869140625 0.28515625 0.6025390625 0.2958984375 0.626953125 0.30517578125 0.626953125 0.31982421875 0.6103515625
3 0.455078125 0.4111328125 0.470703125 0.412109375 0.484375 0.408203125 0.48583984375 0.3984375 0.49365234375 0.400390625 0.49609375 0.3955078125 0.49658203125 0.3828125 0.50244140625 0.380859375 0.501953125 0.373046875 0.49609375 0.3583984375 0.48828125 0.3466796875 0.482421875 0.3427734375 0.47509765625 0.3466796875 0.46923828125 0.3427734375 0.4658203125 0.3330078125 0.4423828125 0.3349609375 0.43994140625 0.3388671875 0.4384765625 0.34375 0.43896484375 0.3623046875 0.443359375 0.392578125 0.455078125 0.4111328125
3 0.2568359375 0.353515625 0.25927734375 0.361328125 0.2666015625 0.369140625 0.27490234375 0.3701171875 0.28466796875 0.3603515625 0.28857421875 0.3642578125 0.29443359375 0.37890625 0.30322265625 0.3671875 0.30908203125 0.349609375 0.30908203125 0.3251953125 0.30078125 0.296875 0.30078125 0.2900390625 0.29638671875 0.2822265625 0.296875 0.2783203125 0.2900390625 0.2568359375 0.28076171875 0.2451171875 0.2744140625 0.24609375 0.27099609375 0.2568359375 0.26171875 0.265625 0.2587890625 0.2861328125 0.26171875 0.3193359375 0.25830078125 0.326171875 0.2568359375 0.3369140625 0.2568359375 0.353515625
3 0.74853515625 0.43359375 0.7568359375 0.423828125 0.7587890625 0.4130859375 0.765625 0.3984375 0.765625 0.3857421875 0.76123046875 0.3681640625 0.75146484375 0.34765625 0.74169921875 0.3359375 0.73828125 0.337890625 0.7392578125 0.3486328125 0.72900390625 0.3828125 0.72998046875 0.40234375 0.7333984375 0.416015625 0.74462890625 0.43359375 0.74853515625 0.43359375
3 0.7919921875 0.462890625 0.8017578125 0.4619140625 0.8037109375 0.4580078125 0.8037109375 0.4375 0.8056640625 0.435546875 0.8056640625 0.404296875 0.8017578125 0.388671875 0.79833984375 0.3837890625 0.78076171875 0.376953125 0.77587890625 0.3798828125 0.7734375 0.3876953125 0.77294921875 0.400390625 0.77734375 0.4248046875 0.78662109375 0.453125 0.7919921875 0.462890625
3 0.86962890625 0.47265625 0.892578125 0.4658203125 0.8974609375 0.4619140625 0.896484375 0.45703125 0.89794921875 0.4541015625 0.9052734375 0.4501953125 0.89404296875 0.41796875 0.884765625 0.40625 0.87255859375 0.40625 0.85693359375 0.400390625 0.84912109375 0.4013671875 0.84033203125 0.408203125 0.84130859375 0.423828125 0.84814453125 0.44921875 0.857421875 0.4697265625 0.86962890625 0.47265625
3 0.53466796875 0.318359375 0.53662109375 0.3271484375 0.53515625 0.3310546875 0.546875 0.3291015625 0.55322265625 0.314453125 0.5546875 0.3046875 0.5498046875 0.271484375 0.541015625 0.263671875 0.5283203125 0.267578125 0.5234375 0.2880859375 0.5234375 0.294921875 0.5283203125 0.3134765625 0.53466796875 0.318359375
3 0.6494140625 0.4560546875 0.650390625 0.4208984375 0.65185546875 0.4189453125 0.64501953125 0.392578125 0.634765625 0.3720703125 0.6181640625 0.3740234375 0.60693359375 0.3779296875 0.61767578125 0.4287109375 0.62060546875 0.4541015625 0.6494140625 0.4560546875
3 0.4248046875 0.4423828125 0.419921875 0.4248046875 0.40576171875 0.4052734375 0.39892578125 0.404296875 0.38818359375 0.41015625 0.3828125 0.4248046875 0.37744140625 0.4482421875 0.37841796875 0.4580078125 0.43359375 0.4619140625 0.4248046875 0.4423828125
3 0.43896484375 0.56640625 0.43994140625 0.548828125 0.43310546875 0.5361328125 0.423828125 0.53515625 0.4189453125 0.544921875 0.41162109375 0.5732421875 0.412109375 0.5810546875 0.42333984375 0.58984375 0.42724609375 0.5888671875 0.43896484375 0.56640625
3 0.62646484375 0.533203125 0.634765625 0.5048828125 0.6357421875 0.4892578125 0.63134765625 0.484375 0.6142578125 0.478515625 0.60107421875 0.4892578125 0.595703125 0.5009765625 0.59521484375 0.5205078125 0.599609375 0.53125 0.60400390625 0.5341796875 0.62646484375 0.533203125
3 0.1064453125 0.455078125 0.119140625 0.4560546875 0.13525390625 0.451171875 0.13916015625 0.4326171875 0.13818359375 0.4228515625 0.1290688484375 0.421875 0.11474609375 0.4013671875 0.10693359375 0.4072265625 0.099609375 0.423828125 0.09716796875 0.4345703125 0.09765625 0.4462890625 0.099609375 0.451171875 0.1064453125 0.455078125
3 0.82470703125 0.380859375 0.82470703125 0.37109375 0.81103515625 0.3251953125 0.80224609375 0.3203125 0.79638671875 0.3447265625 0.7958984375 0.369140625 0.80224609375 0.3837890625 0.81884765625 0.3896484375 0.82470703125 0.380859375