3 0.3037109375 0.455078125 0.30419921875 0.466796875 0.296875 0.4765625 0.29541015625 0.4853515625 0.2978515625 0.5009765625 0.302734375 0.51171875 0.3173828125 0.5126953125 0.3251953125 0.525390625 0.3310546875 0.5283203125 0.34228515625 0.5166015625 0.34521484375 0.4990234375 0.3505859375 0.498046875 0.35791015625 0.5107421875 0.36669921875 0.4970703125 0.36767578125 0.46484375 0.3525390625 0.4375 0.35205078125 0.4111328125 0.341796875 0.3837890625 0.32958984375 0.3798828125 0.3173828125 0.390625 0.3017578125 0.3701171875 0.2939453125 0.3740234375 0.28466796875 0.396484375 0.2841796875 0.4072265625 0.287109375 0.4267578125 0.2998046875 0.443359375 0.3037109375 0.455078125
3 0.65087890625 0.6162109375 0.65771484375 0.6123046875 0.65869140625 0.5830078125 0.65185546875 0.57421875 0.65185546875 0.5673828125 0.650390625 0.5693359375 0.6435546875 0.5595703125 0.62646484375 0.552734375 0.6201171875 0.560546875 0.60986328125 0.60546875 0.6083984375 0.6220703125 0.62841796875 0.625 0.650390625 0.6220703125 0.65087890625 0.6162109375
3 0.748046875 0.6572265625 0.76513671875 0.62109375 0.775390625 0.568359375 0.7724609375 0.5693359375 0.771484375 0.5634765625 0.744140625 0.560546875 0.744140625 0.5654296875 0.73583984375 0.576171875 0.72998046875 0.5947265625 0.728515625 0.603515625 0.72998046875 0.6240234375 0.74169921875 0.654296875 0.748046875 0.6572265625
3 0.79150390625 0.654296875 0.794921875 0.6591796875 0.79443359375 0.6650390625 0.79833984375 0.666015625 0.8017578125 0.67578125 0.81005859375 0.673828125 0.826171875 0.626953125 0.84033203125 0.564453125 0.83984375 0.55078125 0.83203125 0.5458984375 0.83056640625 0.537109375 0.82568359375 0.533203125 0.8134765625 0.53515625 0.80908203125 0.5322265625 0.79248046875 0.537109375 0.78369140625 0.55859375 0.7744140625 0.5947265625 0.7744140625 0.6142578125 0.779296875 0.623046875 0.79052734375 0.630859375 0.79150390625 0.654296875
3 0.8740234375 0.6025390625 0.876953125 0.611328125 0.88427734375 0.6005859375 0.88623046875 0.595703125 0.88525390625 0.58984375 0.88916015625 0.5400390625 0.8876953125 0.537109375 0.888671875 0.533203125 0.880859375 0.5205078125 0.880859375 0.509765625 0.875 0.50390625 0.8525390625 0.505859375 0.8505859375 0.5126953125 0.85400390625 0.515625 0.8515625 0.5244140625 0.853515625 0.533203125 0.8388671875 0.5830078125 0.83837890625 0.5986328125 0.86083984375 0.6083984375 0.86962890625 0.6015625 0.8740234375 0.6025390625
3 0.544921875 0.734375 0.552734375 0.7275390625 0.556640625 0.7314453125 0.56396484375 0.73046875 0.568359375 0.720703125 0.5654296875 0.712890625 0.56591796875 0.7041015625 0.560546875 0.689453125 0.5458984375 0.681640625 0.5361328125 0.6845703125 0.52734375 0.701171875 0.52587890625 0.708984375 0.52880859375 0.7216796875 0.53662109375 0.734375 0.544921875 0.734375
3 0.4365234375 0.671875 0.4873046875 0.6708984375 0.494140625 0.666015625 0.505859375 0.642578125 0.50146484375 0.5908203125 0.494140625 0.5673828125 0.49169921875 0.5703125 0.48779296875 0.5654296875 0.46240234375 0.560546875 0.458984375 0.5556640625 0.44091796875 0.5673828125 0.43505859375 0.564453125 0.42626953125 0.5751953125 0.41650390625 0.607421875 0.4150390625 0.630859375 0.41845703125 0.6337890625 0.42138671875 0.654296875 0.4365234375 0.671875
3 0.26708984375 0.6845703125 0.26708984375 0.6982421875 0.26416015625 0.7001953125 0.26611328125 0.7021484375 0.263671875 0.71875 0.26416015625 0.7294921875 0.2744140625 0.74609375 0.283203125 0.7490234375 0.2900390625 0.73828125 0.29052734375 0.7177734375 0.29833984375 0.7060546875 0.30029296875 0.6796875 0.306640625 0.6708984375 0.30908203125 0.6513671875 0.302734375 0.63671875 0.296875 0.630859375 0.2919921875 0.6318359375 0.2880859375 0.6435546875 0.283203125 0.6474609375 0.27880859375 0.6328125 0.2666015625 0.6298828125 0.25927734375 0.6376953125 0.25732421875 0.6455078125 0.2568359375 0.662109375 0.2587890625 0.673828125 0.263671875 0.68359375 0.26708984375 0.6845703125
3 0.11279296875 0.611328125 0.10205078125 0.646484375 0.1083984375 0.669921875 0.11376953125 0.67578125 0.11376953125 0.6806640625 0.11865234375 0.689453125 0.13037109375 0.69921875 0.14990234375 0.6923828125 0.15576171875 0.673828125 0.154296875 0.666015625 0.142578125 0.646484375 0.142578125 0.640625 0.15087890625 0.591796875 0.1533203125 0.5634765625 0.14990234375 0.5595703125 0.12548828125 0.5576171875 0.1171875 0.552734375 0.1064453125 0.552734375 0.0986328125 0.560546875 0.10107421875 0.580078125 0.10546875 0.5908203125 0.11376953125 0.6015625 0.11279296875 0.611328125
3 0.630859375 0.5244140625 0.6416015625 0.51953125 0.63916015625 0.5009765625 0.62646484375 0.4697265625 0.61572265625 0.4638671875 0.6064453125 0.4638671875 0.59521484375 0.47265625 0.59521484375 0.501953125 0.60009765625 0.5146484375 0.6142578125 0.5244140625 0.630859375 0.5244140625
3 0.43212890625 0.482421875 0.44970703125 0.4658203125 0.44970703125 0.455078125 0.453125 0.451171875 0.4521484375 0.4384765625 0.44970703125 0.4365234375 0.44775390625 0.4189453125 0.4423828125 0.4140625 0.43896484375 0.404296875 0.435546875 0.400390625 0.419921875 0.4013671875 0.41162109375 0.40625 0.4111328125 0.4228515625 0.419921875 0.4609375 0.42822265625 0.478515625 0.43212890625 0.482421875
3 0.3876953125 0.5888671875 0.39892578125 0.5966796875 0.41064453125 0.59375 0.42138671875 0.572265625 0.4248046875 0.5576171875 0.42041015625 0.5400390625 0.36865234375 0.54296875 0.36669921875 0.5439453125 0.37841796875 0.5517578125 0.38330078125 0.578125 0.3876953125 0.5888671875