3 0.73291015625 0.4697265625 0.74755859375 0.501953125 0.775390625 0.498046875 0.77808984375 0.4871572265625 0.7770341796875 0.47554785156249996 0.78076171875 0.462890625 0.759765625 0.41796875 0.7559174796875 0.41996289062500003 0.7536298828125 0.42840625 0.7443032234375 0.45197656249999996 0.7443032234375 0.436498046875 0.73974609375 0.4208984375 0.73046875 0.4130859375 0.72265625 0.4150390625 0.7197265625 0.4189453125 0.7197265625 0.4248046875 0.7236328125 0.4404296875 0.73291015625 0.4697265625
3 0.6826171875 0.3955078125 0.681640625 0.375 0.673828125 0.36328125 0.662109375 0.3603515625 0.65380859375 0.3759765625 0.65380859375 0.388671875 0.662109375 0.4111328125 0.67724609375 0.4072265625 0.6826171875 0.3955078125
3 0.580078125 0.328125 0.5810546875 0.283203125 0.57958984375 0.2763671875 0.57421875 0.27734375 0.5703125 0.265625 0.5634765625 0.26171875 0.55712890625 0.263671875 0.55029296875 0.2705078125 0.544921875 0.2880859375 0.5439453125 0.296875 0.5478515625 0.3076171875 0.56396484375 0.3369140625 0.580078125 0.328125
3 0.580078125 0.466796875 0.57470703125 0.4423828125 0.57177734375 0.4384765625 0.560546875 0.439453125 0.55712890625 0.4453125 0.5576171875 0.4658203125 0.568359375 0.4794921875 0.576171875 0.474609375 0.580078125 0.466796875
3 0.5927734375 0.501953125 0.5830078125 0.4990234375 0.57763671875 0.509765625 0.5771484375 0.5283203125 0.5830078125 0.533203125 0.59521484375 0.5283203125 0.5927734375 0.501953125
3 0.61474609375 0.5947265625 0.62646484375 0.591796875 0.63427734375 0.568359375 0.63232421875 0.548828125 0.62744140625 0.5458984375 0.62158203125 0.5478515625 0.60693359375 0.5703125 0.6064453125 0.576171875 0.609375 0.58203125 0.60986328125 0.591796875 0.61474609375 0.5947265625
3 0.537109375 0.6875 0.548828125 0.6748046875 0.556640625 0.6611328125 0.55029296875 0.642578125 0.5419921875 0.640625 0.51318359375 0.6650390625 0.5146484375 0.685546875 0.5078125 0.6884765625 0.5185546875 0.693359375 0.537109375 0.6875
3 0.2841796875 0.623046875 0.2861328125 0.6318359375 0.28466796875 0.658203125 0.2919921875 0.6748046875 0.2919921875 0.6806640625 0.3046875 0.6884765625 0.31787109375 0.6904296875 0.3310546875 0.68359375 0.33740234375 0.677734375 0.33984375 0.6728515625 0.33984375 0.666015625 0.3466796875 0.666015625 0.33056640625 0.630859375 0.33154296875 0.61328125 0.337890625 0.5986328125 0.33642578125 0.595703125 0.337890625 0.591796875 0.322265625 0.53515625 0.3125 0.53125 0.30859375 0.5224609375 0.31005859375 0.517578125 0.302734375 0.5166015625 0.30029296875 0.521484375 0.28466796875 0.583984375 0.28076171875 0.58984375 0.28125 0.6220703125 0.2841796875 0.623046875
3 0.37060546875 0.59765625 0.373046875 0.59765625 0.375 0.58984375 0.37939453125 0.5927734375 0.38037109375 0.6025390625 0.38525390625 0.6064453125 0.388671875 0.607421875 0.39306640625 0.6005859375 0.39794921875 0.607421875 0.41015625 0.6044921875 0.419921875 0.609375 0.42236328125 0.60546875 0.4365234375 0.6044921875 0.43896484375 0.607421875 0.490234375 0.6103515625 0.4990234375 0.60546875 0.5263671875 0.5712890625 0.53662109375 0.5478515625 0.54736328125 0.533203125 0.5576171875 0.5107421875 0.56396484375 0.4892578125 0.55712890625 0.4833984375 0.4990234375 0.474609375 0.3935546875 0.4775390625 0.3876953125 0.48046875 0.36767578125 0.5419921875 0.36083984375 0.56640625 0.36328125 0.5703125 0.3642578125 0.587890625 0.37060546875 0.59765625
3 0.408203125 0.4658203125 0.40869140625 0.462890625 0.408203125 0.4501953125 0.39892578125 0.4423828125 0.39111328125 0.4423828125 0.380859375 0.451171875 0.37890625 0.4658203125 0.3818359375 0.4677734375 0.4013671875 0.4677734375 0.408203125 0.4658203125
3 0.36865234375 0.4677734375 0.37060546875 0.4580078125 0.36865234375 0.443359375 0.365234375 0.4384765625 0.35693359375 0.4384765625 0.35498046875 0.44921875 0.3583984375 0.4599609375 0.36328125 0.4677734375 0.36865234375 0.4677734375
3 0.34423828125 0.576171875 0.34130859375 0.5908203125 0.341796875 0.6025390625 0.35400390625 0.6064453125 0.35888671875 0.5986328125 0.361328125 0.599609375 0.361328125 0.5908203125 0.3564453125 0.5849609375 0.35595703125 0.57421875 0.36572265625 0.5478515625 0.36865234375 0.5283203125 0.36474609375 0.517578125 0.349609375 0.5126953125 0.3408203125 0.5234375 0.34033203125 0.5419921875 0.34326171875 0.56640625 0.341796875 0.57421875 0.34423828125 0.576171875
3 0.435546875 0.4619140625 0.4443359375 0.4609375 0.447265625 0.447265625 0.4443359375 0.3994140625 0.43994140625 0.3642578125 0.41650390625 0.3330078125 0.404296875 0.3359375 0.39794921875 0.353515625 0.39599609375 0.37109375 0.40478515625 0.3974609375 0.4306640625 0.4560546875 0.435546875 0.4619140625
3 0.5283203125 0.462890625 0.544921875 0.462890625 0.54248046875 0.4384765625 0.53662109375 0.4208984375 0.53271484375 0.4140625 0.52880859375 0.416015625 0.525390625 0.435546875 0.5224609375 0.439453125 0.5244140625 0.455078125 0.5283203125 0.462890625
3 0.49072265625 0.4482421875 0.49072265625 0.4375 0.48583984375 0.4189453125 0.47509765625 0.4306640625 0.47412109375 0.4375 0.47412109375 0.4501953125 0.48193359375 0.4609375 0.4873046875 0.458984375 0.49072265625 0.4482421875
3 0.505859375 0.4765625 0.53076171875 0.4775390625 0.51708984375 0.4423828125 0.51025390625 0.4365234375 0.50537109375 0.4384765625 0.50244140625 0.4501953125 0.5048828125 0.4609375 0.5029296875 0.466796875 0.505859375 0.4765625
3 0.51318359375 0.42578125 0.515625 0.4189453125 0.51513671875 0.390625 0.5068359375 0.3828125 0.49560546875 0.3828125 0.49462890625 0.3876953125 0.49755859375 0.400390625 0.50537109375 0.4189453125 0.51318359375 0.42578125
3 0.4306640625 0.3065546875 0.43017578125 0.329015625 0.43359375 0.3338984375 0.43359375 0.340734375 0.43017578125 0.344640625 0.43017578125 0.352453125 0.43505859375 0.360265625 0.44287109375 0.397375 0.4580078125 0.4120234375 0.4609375 0.4081171875 0.46533203125 0.4100703125 0.47021484375 0.4276484375 0.4775390625 0.4393671875 0.47998046875 0.438390625 0.48681640625 0.4198359375 0.486328125 0.4081171875 0.48974609375 0.395421875 0.4931640625 0.3924921875 0.4873046875 0.3729609375 0.49267578125 0.3534296875 0.49267578125 0.3475703125 0.48876953125 0.3378046875 0.4912109375 0.3202265625 0.4892578125 0.303625 0.49658203125 0.297765625 0.48681640625 0.282140625 0.46533203125 0.2635859375 0.44140625 0.2655390625 0.43505859375 0.262609375 0.431640625 0.274328125 0.43212890625 0.2792109375 0.4267578125 0.293859375 0.42724609375 0.303625 0.4306640625 0.3065546875
3 0.3935546875 0.294921875 0.40380859375 0.2744140625 0.40869140625 0.255859375 0.40869140625 0.24609375 0.4013671875 0.224609375 0.396484375 0.2216796875 0.3837890625 0.22265625 0.35693359375 0.2392578125 0.357421875 0.296875 0.359375 0.3037109375 0.3642578125 0.306640625 0.3935546875 0.294921875
3 0.556640625 0.2392578125 0.56591796875 0.23828125 0.58349609375 0.2509765625 0.587890625 0.248046875 0.59033203125 0.236328125 0.59375 0.2353515625 0.5947265625 0.240234375 0.5966796875 0.2392578125 0.59716796875 0.232421875 0.59521484375 0.2265625 0.580078125 0.2080078125 0.5625 0.19921875 0.55078125 0.2001953125 0.54931640625 0.201171875 0.55078125 0.22265625 0.5537109375 0.2353515625 0.556640625 0.2392578125