3 0.66943359375 0.533203125 0.673828125 0.541015625 0.68505859375 0.5390625 0.68994140625 0.5078125 0.6875 0.4921875 0.6806640625 0.482421875 0.677734375 0.470703125 0.669921875 0.462890625 0.6611328125 0.462890625 0.65478515625 0.4677734375 0.65625 0.4931640625 0.66162109375 0.5126953125 0.66650390625 0.51953125 0.66943359375 0.533203125
3 0.841796875 0.6865234375 0.8486328125 0.6962890625 0.8583984375 0.69140625 0.86083984375 0.693359375 0.86767578125 0.6689453125 0.8662109375 0.630859375 0.8623046875 0.6259765625 0.85302734375 0.6259765625 0.84130859375 0.630859375 0.837890625 0.6376953125 0.83837890625 0.642578125 0.83544921875 0.65234375 0.8359375 0.6650390625 0.841796875 0.6865234375
3 0.451171875 0.5625 0.45654296875 0.54296875 0.44970703125 0.5361328125 0.43017578125 0.5283203125 0.4267578125 0.53125 0.419921875 0.5478515625 0.419921875 0.5712890625 0.43212890625 0.5927734375 0.43701171875 0.5888671875 0.451171875 0.5625
3 0.6181640625 0.380859375 0.61865234375 0.3876953125 0.625 0.400390625 0.634765625 0.4130859375 0.65625 0.46875 0.66650390625 0.474609375 0.671875 0.4716796875 0.673828125 0.466796875 0.6796875 0.4677734375 0.68212890625 0.4736328125 0.6923828125 0.458984375 0.7001953125 0.4765625 0.70068359375 0.4853515625 0.70654296875 0.4853515625 0.7158203125 0.4716796875 0.72802734375 0.4736328125 0.73876953125 0.466796875 0.7412109375 0.4638671875 0.7421875 0.455078125 0.74658203125 0.4521484375 0.73583984375 0.427734375 0.72021484375 0.404296875 0.70556640625 0.3955078125 0.684375 0.392578125 0.6767578125 0.3876953125 0.666015625 0.3623046875 0.65771484375 0.349609375 0.62646484375 0.33203125 0.60986328125 0.333984375 0.607421875 0.3369140625 0.607421875 0.353515625 0.6142578125 0.376953125 0.6181640625 0.380859375
3 0.71728515625 0.6044921875 0.7236328125 0.611328125 0.73291015625 0.611328125 0.73681640625 0.607421875 0.73583984375 0.5986328125 0.732421875 0.59375 0.689453125 0.59375 0.6884765625 0.6005859375 0.69287109375 0.6044921875 0.71240234375 0.607421875 0.71728515625 0.6044921875
3 0.80908203125 0.611328125 0.83056640625 0.6123046875 0.861328125 0.607421875 0.8818359375 0.59765625 0.8916015625 0.587890625 0.8779296875 0.5751953125 0.8271484375 0.5576171875 0.806640625 0.5361328125 0.794921875 0.548828125 0.7958984375 0.5634765625 0.7998046875 0.5751953125 0.80615234375 0.583984375 0.80908203125 0.611328125
3 0.501953125 0.8642578125 0.4970703125 0.85546875 0.490234375 0.849609375 0.4814453125 0.8486328125 0.478515625 0.857421875 0.47607421875 0.8779296875 0.4912109375 0.8857421875 0.50439453125 0.884765625 0.501953125 0.8642578125
3 0.35498046875 0.6279296875 0.36083984375 0.623046875 0.36767578125 0.6005859375 0.36865234375 0.591796875 0.3671875 0.5849609375 0.357421875 0.568359375 0.34912109375 0.568359375 0.34130859375 0.583984375 0.34130859375 0.6044921875 0.34716796875 0.6123046875 0.35009765625 0.623046875 0.35498046875 0.6279296875
3 0.34130859375 0.4931640625 0.3388671875 0.4814453125 0.32470703125 0.4765625 0.3193359375 0.4833984375 0.31982421875 0.5009765625 0.3251953125 0.5146484375 0.33935546875 0.5126953125 0.34130859375 0.4931640625
3 0.48583984375 0.4140625 0.49853515625 0.4033203125 0.49267578125 0.375 0.49365234375 0.365234375 0.48583984375 0.3564453125 0.47607421875 0.3525390625 0.46728515625 0.3564453125 0.45849609375 0.353515625 0.451171875 0.359375 0.44921875 0.3671875 0.45068359375 0.3994140625 0.45849609375 0.408203125 0.47412109375 0.4140625 0.48583984375 0.4140625
3 0.58935546875 0.4296875 0.59619140625 0.4345703125 0.59375 0.41796875 0.5849609375 0.388671875 0.57666015625 0.3701171875 0.568359375 0.3603515625 0.560546875 0.373046875 0.55078125 0.3740234375 0.544921875 0.392578125 0.54443359375 0.416015625 0.54736328125 0.4208984375 0.5732421875 0.4306640625 0.58935546875 0.4296875
3 0.57568359375 0.697265625 0.5771484375 0.697265625 0.58544921875 0.6884765625 0.58984375 0.677734375 0.58935546875 0.6640625 0.59521484375 0.6533203125 0.59033203125 0.650390625 0.58837890625 0.638671875 0.583984375 0.634765625 0.580078125 0.638671875 0.5673828125 0.6689453125 0.56640625 0.6845703125 0.572265625 0.6923828125 0.57568359375 0.6923828125 0.57568359375 0.697265625
3 0.748046875 0.763671875 0.751953125 0.763671875 0.7548828125 0.7509765625 0.75390625 0.7421875 0.755859375 0.7314453125 0.7529296875 0.720703125 0.74169921875 0.7158203125 0.7333984375 0.7265625 0.72802734375 0.7392578125 0.72705078125 0.7470703125 0.732421875 0.76171875 0.744140625 0.76953125 0.748046875 0.763671875