3 0.32958984375 0.4345703125 0.33642578125 0.4453125 0.3583984375 0.4541015625 0.3671875 0.4482421875 0.373046875 0.439453125 0.3720703125 0.4287109375 0.36376953125 0.3994140625 0.35302734375 0.3740234375 0.34521484375 0.3720703125 0.341796875 0.375 0.3310546875 0.396484375 0.328125 0.4033203125 0.330078125 0.4140625 0.32861328125 0.427734375 0.32958984375 0.4345703125
3 0.40478515625 0.51953125 0.3984375 0.5068359375 0.388671875 0.501953125 0.3798828125 0.5029296875 0.37353515625 0.5087890625 0.37353515625 0.52734375 0.38720703125 0.541015625 0.400390625 0.53515625 0.40478515625 0.51953125
3 0.42529296875 0.642578125 0.4091796875 0.6396484375 0.39697265625 0.658203125 0.39697265625 0.6689453125 0.40771484375 0.6884765625 0.42333984375 0.658203125 0.42529296875 0.642578125
3 0.509765625 0.6064453125 0.501953125 0.607421875 0.501953125 0.619140625 0.51025390625 0.6201171875 0.51220703125 0.6171875 0.509765625 0.6064453125
3 0.478515625 0.59765625 0.4775390625 0.5703125 0.474609375 0.564453125 0.46484375 0.5673828125 0.45751953125 0.5869140625 0.45703125 0.5986328125 0.4619140625 0.609375 0.47216796875 0.6103515625 0.478515625 0.59765625
3 0.55615234375 0.34765625 0.56005859375 0.330078125 0.5576171875 0.3232421875 0.548828125 0.3212890625 0.54248046875 0.3251953125 0.5400390625 0.3330078125 0.53955078125 0.34375 0.5419921875 0.3515625 0.548828125 0.35546875 0.55615234375 0.34765625
3 0.68603515625 0.4951171875 0.6845703125 0.482421875 0.67724609375 0.455078125 0.669921875 0.4541015625 0.6630859375 0.4599609375 0.65771484375 0.478515625 0.65771484375 0.4990234375 0.66943359375 0.5078125 0.68505859375 0.5087890625 0.68603515625 0.4951171875
3 0.248046875 0.4990234375 0.259765625 0.498046875 0.26123046875 0.4775390625 0.25927734375 0.458984375 0.25537109375 0.455078125 0.24755859375 0.4560546875 0.24462890625 0.4658203125 0.240234375 0.470703125 0.2412109375 0.482421875 0.248046875 0.4990234375
3 0.23681640625 0.638671875 0.23779296875 0.626953125 0.22705078125 0.609375 0.22314453125 0.609375 0.216796875 0.6025390625 0.2001953125 0.6025390625 0.1982421875 0.6064453125 0.19921875 0.6103515625 0.20751953125 0.6201171875 0.23681640625 0.638671875
3 0.283203125 0.7119140625 0.28564453125 0.7109375 0.287109375 0.705078125 0.28564453125 0.6904296875 0.28271484375 0.685546875 0.2724609375 0.6806640625 0.263671875 0.6806640625 0.25927734375 0.6845703125 0.2587890625 0.6884765625 0.26318359375 0.697265625 0.27001953125 0.705078125 0.283203125 0.7119140625
3 0.5830078125 0.28515625 0.57958984375 0.2734375 0.56591796875 0.27734375 0.5673828125 0.29296875 0.5712890625 0.296875 0.576171875 0.296875 0.5830078125 0.28515625