3 0.369140625 0.4501953125 0.38818359375 0.4375 0.39306640625 0.419921875 0.39306640625 0.396484375 0.39111328125 0.388671875 0.37841796875 0.36328125 0.373046875 0.3583984375 0.3671875 0.357421875 0.35546875 0.373046875 0.34912109375 0.388671875 0.34814453125 0.404296875 0.353515625 0.43359375 0.3623046875 0.4482421875 0.369140625 0.4501953125
3 0.39892578125 0.34765625 0.40673828125 0.349609375 0.408203125 0.3544921875 0.42333984375 0.34375 0.42626953125 0.322265625 0.42529296875 0.314453125 0.4189453125 0.302734375 0.4052734375 0.2978515625 0.3955078125 0.298828125 0.3896484375 0.3037109375 0.38037109375 0.3203125 0.37939453125 0.3388671875 0.380859375 0.345703125 0.39208984375 0.357421875 0.39892578125 0.34765625
3 0.14990234375 0.50390625 0.15625 0.501953125 0.16357421875 0.4921875 0.1669921875 0.4775390625 0.16650390625 0.4580078125 0.1640625 0.451171875 0.158203125 0.4423828125 0.14697265625 0.43359375 0.14501953125 0.4345703125 0.140625 0.451171875 0.138671875 0.46875 0.1416015625 0.490234375 0.146484375 0.5009765625 0.14990234375 0.50390625
3 0.32666015625 0.6650390625 0.33740234375 0.6533203125 0.3408203125 0.626953125 0.33935546875 0.6142578125 0.3349609375 0.6162109375 0.3212890625 0.609375 0.31689453125 0.6123046875 0.31201171875 0.623046875 0.31201171875 0.6416015625 0.31396484375 0.6533203125 0.31787109375 0.658203125 0.32666015625 0.6650390625
3 0.56005859375 0.634765625 0.56591796875 0.630859375 0.5693359375 0.6337890625 0.5751953125 0.650390625 0.59619140625 0.6484375 0.607421875 0.634765625 0.61181640625 0.6220703125 0.61279296875 0.6123046875 0.61083984375 0.595703125 0.59619140625 0.5634765625 0.58740234375 0.560546875 0.56640625 0.5908203125 0.56005859375 0.5869140625 0.55810546875 0.611328125 0.560546875 0.6240234375 0.55859375 0.630859375 0.56005859375 0.634765625
3 0.7666015625 0.4619140625 0.77294921875 0.455078125 0.740234375 0.3759765625 0.73681640625 0.3759765625 0.72998046875 0.3876953125 0.72265625 0.4150390625 0.72216796875 0.4345703125 0.724609375 0.45703125 0.7294921875 0.462890625 0.7666015625 0.4619140625
3 0.712890625 0.3095703125 0.71728515625 0.3212890625 0.72802734375 0.337890625 0.73193359375 0.337890625 0.73681640625 0.330078125 0.7392578125 0.314453125 0.73583984375 0.3046875 0.71630859375 0.2880859375 0.712890625 0.27734375 0.7080078125 0.2763671875 0.69921875 0.2626953125 0.68896484375 0.2548828125 0.689453125 0.2861328125 0.697265625 0.3154296875 0.705078125 0.3173828125 0.712890625 0.3095703125
3 0.58154296875 0.3515625 0.59228515625 0.3369140625 0.595703125 0.33984375 0.59912109375 0.330078125 0.59716796875 0.3271484375 0.595703125 0.3095703125 0.58544921875 0.3037109375 0.57568359375 0.3076171875 0.56591796875 0.3251953125 0.5654296875 0.337890625 0.56787109375 0.3466796875 0.5751953125 0.3525390625 0.58154296875 0.3515625
3 0.66259765625 0.22265625 0.67431640625 0.232421875 0.6806640625 0.2353515625 0.701171875 0.234375 0.705078125 0.232421875 0.70751953125 0.22265625 0.71484375 0.2158203125 0.7138671875 0.2080078125 0.69384765625 0.20703125 0.677734375 0.1875 0.66064453125 0.173828125 0.64892578125 0.1708984375 0.63671875 0.1767578125 0.6376953125 0.19921875 0.65234375 0.21484375 0.65283203125 0.220703125 0.66259765625 0.22265625
3 0.19775390625 0.6923828125 0.19775390625 0.6669921875 0.20556640625 0.658203125 0.20458984375 0.654296875 0.2021484375 0.6572265625 0.1962890625 0.650390625 0.19580078125 0.6416015625 0.1982421875 0.638671875 0.2021484375 0.619140625 0.189453125 0.6044921875 0.17041015625 0.611328125 0.1669921875 0.619140625 0.17626953125 0.6435546875 0.181640625 0.66796875 0.19775390625 0.6923828125
3 0.228515625 0.7275390625 0.248046875 0.7373046875 0.2509765625 0.7314453125 0.25146484375 0.708984375 0.24267578125 0.6962890625 0.23974609375 0.681640625 0.23583984375 0.6796875 0.22998046875 0.6845703125 0.2236328125 0.7021484375 0.2158203125 0.7119140625 0.21630859375 0.71484375 0.228515625 0.7275390625
3 0.3271484375 0.263671875 0.33203125 0.251953125 0.3330078125 0.23828125 0.330078125 0.2294921875 0.3193359375 0.2421875 0.31005859375 0.2421875 0.3095703125 0.2451171875 0.30908203125 0.2529296875 0.31298828125 0.263671875 0.3232421875 0.2666015625 0.3271484375 0.263671875
3 0.2607421875 0.310546875 0.267578125 0.310546875 0.267578125 0.287109375 0.2431640625 0.3037109375 0.244140625 0.3095703125 0.25146484375 0.3173828125 0.25732421875 0.31640625 0.2607421875 0.310546875
3 0.70166015625 0.728515625 0.705078125 0.71484375 0.703125 0.7041015625 0.69775390625 0.693359375 0.69287109375 0.69140625 0.68505859375 0.7001953125 0.68359375 0.716796875 0.685546875 0.7216796875 0.69677734375 0.7314453125 0.70166015625 0.728515625
3 0.75537109375 0.689453125 0.75146484375 0.669921875 0.74853515625 0.6669921875 0.73681640625 0.6728515625 0.73095703125 0.685546875 0.73046875 0.6904296875 0.74365234375 0.69921875 0.75390625 0.6962890625 0.75537109375 0.689453125
3 0.65771484375 0.6923828125 0.65771484375 0.6806640625 0.65380859375 0.671875 0.64697265625 0.6650390625 0.63671875 0.669921875 0.6357421875 0.685546875 0.63916015625 0.6962890625 0.6513671875 0.6982421875 0.65771484375 0.6923828125
3 0.4677734375 0.798828125 0.50341796875 0.8017578125 0.51904296875 0.7978515625 0.5107421875 0.7548828125 0.498046875 0.7451171875 0.482421875 0.75 0.47314453125 0.7607421875 0.47119140625 0.7744140625 0.466796875 0.775390625 0.46875 0.78515625 0.46630859375 0.7900390625 0.46630859375 0.7978515625 0.4677734375 0.798828125
3 0.515625 0.697265625 0.52001953125 0.6884765625 0.5166015625 0.6767578125 0.5087890625 0.671875 0.50244140625 0.6767578125 0.49609375 0.689453125 0.49560546875 0.697265625 0.49755859375 0.701171875 0.50634765625 0.705078125 0.515625 0.697265625
3 0.5478515625 0.556640625 0.54931640625 0.55078125 0.54736328125 0.533203125 0.53564453125 0.5224609375 0.52783203125 0.5234375 0.52099609375 0.5380859375 0.5224609375 0.5556640625 0.529296875 0.56640625 0.541015625 0.564453125 0.5478515625 0.556640625
3 0.59814453125 0.501953125 0.59716796875 0.4853515625 0.58203125 0.484375 0.57763671875 0.4892578125 0.578125 0.509765625 0.58349609375 0.515625 0.5947265625 0.509765625 0.59814453125 0.501953125
3 0.65625 0.578125 0.6572265625 0.5673828125 0.65478515625 0.55859375 0.65478515625 0.546875 0.65283203125 0.5439453125 0.64599609375 0.5400390625 0.63720703125 0.541015625 0.6328125 0.5439453125 0.62939453125 0.552734375 0.62841796875 0.5732421875 0.6328125 0.591796875 0.6474609375 0.595703125 0.65625 0.578125
3 0.60888671875 0.2685546875 0.611328125 0.2705078125 0.61474609375 0.2431640625 0.611328125 0.2255859375 0.60595703125 0.2158203125 0.60009765625 0.208984375 0.59619140625 0.2099609375 0.58984375 0.2392578125 0.58837890625 0.2626953125 0.59130859375 0.2705078125 0.59716796875 0.275390625 0.60888671875 0.2685546875