3 0.40087890625 0.4501953125 0.4072265625 0.4599609375 0.41162109375 0.4609375 0.416015625 0.4541015625 0.41796875 0.4423828125 0.4306640625 0.4345703125 0.43212890625 0.4287109375 0.439453125 0.4296875 0.44287109375 0.4140625 0.44677734375 0.412109375 0.45166015625 0.396484375 0.44677734375 0.3564453125 0.43212890625 0.357421875 0.42578125 0.3486328125 0.4208984375 0.3466796875 0.40380859375 0.34765625 0.40185546875 0.3544921875 0.390625 0.37109375 0.3876953125 0.384765625 0.38818359375 0.392578125 0.3935546875 0.408203125 0.40087890625 0.4501953125
3 0.26708984375 0.626953125 0.2763671875 0.6064453125 0.2802734375 0.5732421875 0.2783203125 0.5634765625 0.27978515625 0.5517578125 0.275390625 0.5400390625 0.263671875 0.53515625 0.2431640625 0.53515625 0.22412109375 0.5419921875 0.2236328125 0.544921875 0.22900390625 0.552734375 0.2587890625 0.626953125 0.26708984375 0.626953125
3 0.63037109375 0.6484375 0.634765625 0.6474609375 0.64306640625 0.6376953125 0.65087890625 0.5986328125 0.64599609375 0.58984375 0.64306640625 0.57421875 0.63037109375 0.5654296875 0.62255859375 0.568359375 0.609375 0.5908203125 0.607421875 0.595703125 0.60888671875 0.611328125 0.6220703125 0.6416015625 0.63037109375 0.6484375
3 0.611328125 0.6943359375 0.61962890625 0.67578125 0.619140625 0.646484375 0.61083984375 0.6455078125 0.59619140625 0.6552734375 0.59033203125 0.66796875 0.58935546875 0.6865234375 0.5927734375 0.6943359375 0.59765625 0.6982421875 0.611328125 0.6943359375
3 0.30615234375 0.7451171875 0.31396484375 0.748046875 0.31201171875 0.712890625 0.30908203125 0.70703125 0.30712890625 0.6923828125 0.30224609375 0.681640625 0.29833984375 0.6796875 0.287109375 0.689453125 0.271484375 0.662109375 0.26220703125 0.673828125 0.26123046875 0.6845703125 0.26513671875 0.693359375 0.29052734375 0.7197265625 0.30615234375 0.7451171875
3 0.80712890625 0.40234375 0.80859375 0.4091796875 0.810546875 0.41015625 0.8125 0.40234375 0.8193359375 0.39453125 0.82861328125 0.3984375 0.83056640625 0.404296875 0.83984375 0.388671875 0.8251953125 0.3603515625 0.814453125 0.3232421875 0.8095703125 0.3173828125 0.80322265625 0.330078125 0.80419921875 0.3525390625 0.8095703125 0.3740234375 0.80908203125 0.39453125 0.80712890625 0.40234375
3 0.8564453125 0.564453125 0.86865234375 0.5478515625 0.875 0.533203125 0.87255859375 0.5322265625 0.869140625 0.5224609375 0.865234375 0.501953125 0.861328125 0.498046875 0.85693359375 0.5 0.85009765625 0.4912109375 0.83984375 0.4970703125 0.8330078125 0.513671875 0.83203125 0.53125 0.83349609375 0.544921875 0.845703125 0.572265625 0.8564453125 0.564453125
3 0.916015625 0.4560546875 0.916015625 0.4697265625 0.91064453125 0.4814453125 0.91162109375 0.4833984375 0.95361328125 0.494140625 0.9521484375 0.4853515625 0.955078125 0.4814453125 0.95166015625 0.4755859375 0.95166015625 0.470703125 0.95263671875 0.466796875 0.9560546875 0.4658203125 0.955078125 0.4580078125 0.9521484375 0.4599609375 0.94775390625 0.451171875 0.939453125 0.443359375 0.9111328125 0.4228515625 0.9140625 0.43359375 0.91357421875 0.4453125 0.91162109375 0.4482421875 0.916015625 0.4560546875
3 0.70263671875 0.3671875 0.70458984375 0.3701171875 0.7060546875 0.3623046875 0.70458984375 0.357421875 0.701171875 0.3603515625 0.69580078125 0.3525390625 0.69677734375 0.3486328125 0.69384765625 0.3427734375 0.68212890625 0.341796875 0.677734375 0.337890625 0.669921875 0.3408203125 0.6650390625 0.3583984375 0.66455078125 0.369140625 0.67578125 0.384765625 0.69677734375 0.380859375 0.70263671875 0.3671875
3 0.42236328125 0.693359375 0.4326171875 0.677734375 0.4345703125 0.6611328125 0.42724609375 0.6435546875 0.41943359375 0.642578125 0.41552734375 0.646484375 0.412109375 0.6611328125 0.4072265625 0.6708984375 0.4072265625 0.6796875 0.4111328125 0.6904296875 0.41552734375 0.6953125 0.42236328125 0.693359375
3 0.50146484375 0.318359375 0.50830078125 0.296875 0.505859375 0.2900390625 0.4970703125 0.291015625 0.4853515625 0.30078125 0.48291015625 0.3056640625 0.48388671875 0.322265625 0.49169921875 0.328125 0.50146484375 0.318359375
3 0.43212890625 0.5283203125 0.43603515625 0.525390625 0.43798828125 0.517578125 0.4296875 0.513671875 0.42822265625 0.5087890625 0.43017578125 0.501953125 0.41552734375 0.482421875 0.40576171875 0.494140625 0.40380859375 0.5 0.404296875 0.525390625 0.4072265625 0.5283203125 0.43212890625 0.5283203125
3 0.47314453125 0.478515625 0.47900390625 0.4599609375 0.4765625 0.4423828125 0.47119140625 0.435546875 0.4599609375 0.4375 0.4541015625 0.451171875 0.45361328125 0.4658203125 0.458984375 0.478515625 0.4658203125 0.484375 0.47314453125 0.478515625
3 0.3134765625 0.30078125 0.3154296875 0.2822265625 0.31005859375 0.2666015625 0.2998046875 0.267578125 0.2998046875 0.275390625 0.29541015625 0.279296875 0.294921875 0.291015625 0.30224609375 0.306640625 0.306640625 0.30859375 0.3134765625 0.30078125
3 0.25341796875 0.3291015625 0.27294921875 0.314453125 0.2763671875 0.3017578125 0.26318359375 0.2900390625 0.240234375 0.3056640625 0.2392578125 0.3095703125 0.24365234375 0.3115234375 0.25048828125 0.3291015625 0.25341796875 0.3291015625
3 0.36669921875 0.4560546875 0.37451171875 0.447265625 0.37353515625 0.427734375 0.36865234375 0.4111328125 0.3525390625 0.40625 0.34423828125 0.4189453125 0.341796875 0.4345703125 0.34814453125 0.451171875 0.35693359375 0.4560546875 0.36669921875 0.4560546875
3 0.4560546875 0.8759765625 0.47021484375 0.8623046875 0.4736328125 0.853515625 0.4677734375 0.853515625 0.44189453125 0.837890625 0.4208984375 0.830078125 0.41259765625 0.8349609375 0.40380859375 0.833984375 0.39453125 0.8427734375 0.39501953125 0.8486328125 0.4052734375 0.861328125 0.435546875 0.876953125 0.4560546875 0.8759765625
3 0.7705078125 0.32421875 0.78076171875 0.32421875 0.787109375 0.296875 0.791015625 0.294921875 0.78271484375 0.28125 0.76171875 0.2685546875 0.751953125 0.25390625 0.748046875 0.2607421875 0.7431640625 0.2626953125 0.73974609375 0.2724609375 0.7392578125 0.2900390625 0.751953125 0.3251953125 0.76708984375 0.328125 0.7705078125 0.32421875
3 0.30859375 0.794921875 0.33349609375 0.822265625 0.3447265625 0.828125 0.353515625 0.828125 0.36474609375 0.8212890625 0.36279296875 0.818359375 0.36376953125 0.8134765625 0.36181640625 0.7998046875 0.337890625 0.7783203125 0.3193359375 0.7685546875 0.29833984375 0.7705078125 0.2958984375 0.775390625 0.29833984375 0.78125 0.29833984375 0.791015625 0.30859375 0.794921875
3 0.69775390625 0.759765625 0.68994140625 0.7373046875 0.68212890625 0.732421875 0.677734375 0.7314453125 0.671875 0.736328125 0.6669921875 0.748046875 0.6650390625 0.7607421875 0.66845703125 0.767578125 0.67919921875 0.7587890625 0.69775390625 0.759765625