3 0.2744140625 0.4580078125 0.27734375 0.4404296875 0.275390625 0.412109375 0.265625 0.388671875 0.25537109375 0.38671875 0.23193359375 0.44140625 0.2294921875 0.451171875 0.234375 0.4599609375 0.27099609375 0.4619140625 0.2744140625 0.4580078125
3 0.42431640625 0.654296875 0.4326171875 0.646484375 0.43896484375 0.6513671875 0.44677734375 0.6474609375 0.45263671875 0.6064453125 0.44921875 0.5927734375 0.4404296875 0.5810546875 0.421875 0.5751953125 0.4130859375 0.5634765625 0.40283203125 0.5693359375 0.39501953125 0.583984375 0.388671875 0.603515625 0.388671875 0.6181640625 0.39208984375 0.6298828125 0.4052734375 0.654296875 0.42431640625 0.654296875
3 0.634765625 0.4501953125 0.638671875 0.447265625 0.64404296875 0.4326171875 0.64453125 0.4033203125 0.64208984375 0.373046875 0.6357421875 0.3642578125 0.62255859375 0.36328125 0.6103515625 0.384765625 0.60693359375 0.3994140625 0.6064453125 0.4091796875 0.61083984375 0.421875 0.61083984375 0.435546875 0.634765625 0.4501953125
3 0.8232421875 0.6435546875 0.83056640625 0.626953125 0.8291015625 0.615234375 0.822265625 0.6064453125 0.8154296875 0.6083984375 0.81005859375 0.60546875 0.8115234375 0.61328125 0.810546875 0.626953125 0.8037109375 0.6494140625 0.80322265625 0.666015625 0.81005859375 0.681640625 0.81787109375 0.66796875 0.8232421875 0.6435546875
3 0.67529296875 0.673828125 0.68212890625 0.6728515625 0.6943359375 0.65234375 0.69384765625 0.6328125 0.68896484375 0.61328125 0.6806640625 0.6064453125 0.67041015625 0.607421875 0.666015625 0.6142578125 0.66162109375 0.611328125 0.66015625 0.619140625 0.6640625 0.6533203125 0.6669921875 0.6552734375 0.67529296875 0.673828125
3 0.51025390625 0.720703125 0.50634765625 0.697265625 0.49853515625 0.6787109375 0.4892578125 0.671875 0.484375 0.6806640625 0.48486328125 0.6962890625 0.490234375 0.70703125 0.49951171875 0.716796875 0.51025390625 0.720703125
3 0.2841796875 0.30859375 0.28515625 0.298828125 0.283203125 0.291015625 0.27880859375 0.2890625 0.265625 0.2978515625 0.259765625 0.3115234375 0.25927734375 0.322265625 0.267578125 0.3427734375 0.2763671875 0.3291015625 0.2841796875 0.30859375
3 0.30517578125 0.314453125 0.3115234375 0.283203125 0.3115234375 0.255859375 0.30126953125 0.2626953125 0.29248046875 0.2783203125 0.28759765625 0.3017578125 0.28369140625 0.310546875 0.2998046875 0.3203125 0.30517578125 0.314453125
3 0.40771484375 0.263671875 0.40869140625 0.23828125 0.4033203125 0.2080078125 0.39990234375 0.2080078125 0.3935546875 0.2158203125 0.38671875 0.236328125 0.38623046875 0.2490234375 0.39208984375 0.26171875 0.39697265625 0.265625 0.40771484375 0.263671875
3 0.431640625 0.349609375 0.43408203125 0.3388671875 0.43408203125 0.3251953125 0.42529296875 0.30859375 0.4150390625 0.3017578125 0.4091796875 0.3115234375 0.40576171875 0.3251953125 0.416015625 0.3525390625 0.423828125 0.35546875 0.431640625 0.349609375
3 0.36083984375 0.6884765625 0.36279296875 0.681640625 0.36279296875 0.666015625 0.3603515625 0.654296875 0.3583984375 0.650390625 0.34912109375 0.654296875 0.34912109375 0.6630859375 0.34326171875 0.6826171875 0.35302734375 0.6923828125 0.36083984375 0.6884765625
3 0.470703125 0.576171875 0.4794921875 0.564453125 0.48193359375 0.541015625 0.478515625 0.517578125 0.4658203125 0.5126953125 0.4541015625 0.5283203125 0.451171875 0.541015625 0.4541015625 0.5595703125 0.4609375 0.572265625 0.470703125 0.576171875
3 0.6123046875 0.34765625 0.61767578125 0.341796875 0.61865234375 0.3251953125 0.607421875 0.298828125 0.599609375 0.298828125 0.59130859375 0.3115234375 0.5908203125 0.32421875 0.59521484375 0.341796875 0.60302734375 0.34765625 0.6123046875 0.34765625
3 0.8671875 0.5107421875 0.869140625 0.50390625 0.875 0.4990234375 0.87548828125 0.4892578125 0.8818359375 0.478515625 0.87744140625 0.4658203125 0.86767578125 0.4501953125 0.8564453125 0.4345703125 0.845703125 0.42578125 0.833984375 0.451171875 0.83203125 0.4609375 0.8330078125 0.5126953125 0.84130859375 0.5185546875 0.861328125 0.517578125 0.8671875 0.5107421875
3 0.92919921875 0.5341796875 0.939453125 0.529296875 0.94287109375 0.5126953125 0.9306640625 0.5107421875 0.908203125 0.515625 0.90673828125 0.5166015625 0.91357421875 0.521484375 0.91943359375 0.533203125 0.92919921875 0.5341796875
3 0.67724609375 0.2724609375 0.68701171875 0.267578125 0.68994140625 0.2626953125 0.69189453125 0.2509765625 0.68896484375 0.2421875 0.6796875 0.2421875 0.66552734375 0.2265625 0.66015625 0.234375 0.6591796875 0.240234375 0.66259765625 0.2587890625 0.66845703125 0.2685546875 0.67724609375 0.2724609375