3 0.400390625 0.7431640625 0.40087890625 0.720703125 0.39599609375 0.701171875 0.3876953125 0.6962890625 0.38134765625 0.7001953125 0.3779296875 0.7099609375 0.37744140625 0.7255859375 0.38623046875 0.744140625 0.39453125 0.7470703125 0.400390625 0.7431640625
3 0.42529296875 0.791015625 0.4326171875 0.7861328125 0.4326171875 0.783203125 0.42578125 0.77734375 0.427734375 0.7587890625 0.4248046875 0.75390625 0.41259765625 0.7470703125 0.39404296875 0.7509765625 0.38818359375 0.7666015625 0.39599609375 0.783203125 0.4169921875 0.791015625 0.42529296875 0.791015625
3 0.529296875 0.7744140625 0.52392578125 0.75 0.5126953125 0.7431640625 0.501953125 0.755859375 0.4990234375 0.775390625 0.517578125 0.7841796875 0.5283203125 0.78125 0.529296875 0.7744140625
3 0.564453125 0.75 0.55859375 0.7490234375 0.55224609375 0.7373046875 0.5439453125 0.73828125 0.5283203125 0.751953125 0.52783203125 0.7783203125 0.533203125 0.7802734375 0.5517578125 0.771484375 0.564453125 0.75
3 0.576171875 0.7197265625 0.56884765625 0.7119140625 0.56396484375 0.712890625 0.556640625 0.724609375 0.556640625 0.74609375 0.5634765625 0.7529296875 0.57958984375 0.728515625 0.576171875 0.7197265625
3 0.5986328125 0.24609375 0.60888671875 0.25 0.6279296875 0.2470703125 0.6279296875 0.2373046875 0.63232421875 0.21875 0.63525390625 0.216796875 0.63330078125 0.2119140625 0.619140625 0.1982421875 0.59619140625 0.19140625 0.59521484375 0.193359375 0.599609375 0.2001953125 0.59765625 0.23046875 0.5986328125 0.24609375
3 0.43798828125 0.2314453125 0.4404296875 0.234375 0.43896484375 0.240234375 0.46240234375 0.240234375 0.47119140625 0.2099609375 0.46875 0.1943359375 0.462890625 0.19140625 0.4521484375 0.193359375 0.439453125 0.201171875 0.4375 0.205078125 0.4423828125 0.2119140625 0.44384765625 0.224609375 0.43798828125 0.2314453125
3 0.32177734375 0.7431640625 0.33154296875 0.7431640625 0.330078125 0.7236328125 0.3173828125 0.6884765625 0.31787109375 0.6806640625 0.31396484375 0.68359375 0.30712890625 0.67578125 0.30224609375 0.6748046875 0.2958984375 0.681640625 0.2919921875 0.7001953125 0.28955078125 0.7158203125 0.29296875 0.72265625 0.3095703125 0.7373046875 0.32177734375 0.7431640625
3 0.224609375 0.6357421875 0.24365234375 0.650390625 0.24658203125 0.6494140625 0.2451171875 0.64453125 0.248046875 0.630859375 0.24365234375 0.61328125 0.24658203125 0.59765625 0.2470703125 0.580078125 0.244140625 0.57421875 0.21875 0.5751953125 0.21240234375 0.583984375 0.212890625 0.5888671875 0.20556640625 0.6103515625 0.20703125 0.615234375 0.224609375 0.6357421875
3 0.404296875 0.375 0.400390625 0.376953125 0.39892578125 0.3828125 0.39990234375 0.390625 0.40478515625 0.390625 0.4072265625 0.384765625 0.404296875 0.375
3 0.4638671875 0.3837890625 0.45947265625 0.373046875 0.455078125 0.3720703125 0.451171875 0.37890625 0.45068359375 0.3857421875 0.45263671875 0.3916015625 0.4638671875 0.3916015625 0.4638671875 0.3837890625
3 0.263671875 0.3447265625 0.24853515625 0.3642578125 0.23876953125 0.388671875 0.2392578125 0.3984375 0.26806640625 0.3916015625 0.27001953125 0.361328125 0.263671875 0.3447265625
3 0.39718554687499996 0.2423408203125 0.39990234375 0.234375 0.388671875 0.2353515625 0.36865234375 0.248046875 0.36669921875 0.2548828125 0.36865234375 0.2705078125 0.39406103593749997 0.2688876953125 0.39718554687499996 0.2423408203125