0 0.4423828125 0.3046875 0.44287109375 0.2841796875 0.44970703125 0.2783203125 0.4658203125 0.279296875 0.46875 0.271484375 0.466796875 0.2578125 0.45751953125 0.2568359375 0.4521484375 0.2509765625 0.4228515625 0.2509765625 0.423828125 0.302734375 0.43310546875 0.3115234375 0.43896484375 0.310546875 0.4423828125 0.3046875
0 0.556640625 0.5751953125 0.564453125 0.599609375 0.5703125 0.6005859375 0.580078125 0.59375 0.58935546875 0.6142578125 0.6025390625 0.62890625 0.611328125 0.630859375 0.619140625 0.6220703125 0.623046875 0.6142578125 0.62744140625 0.5888671875 0.63330078125 0.5791015625 0.634765625 0.5673828125 0.626953125 0.5458984375 0.62744140625 0.5341796875 0.625 0.5185546875 0.61572265625 0.5087890625 0.54833984375 0.4931640625 0.541015625 0.5166015625 0.54296875 0.5361328125 0.54833984375 0.5517578125 0.55322265625 0.5556640625 0.556640625 0.5751953125
0 0.490234375 0.466796875 0.494140625 0.4755859375 0.5725913078125 0.4794921875 0.59033203125 0.486328125 0.60302734375 0.48046875 0.6142578125 0.4873046875 0.62451171875 0.482421875 0.6240234375 0.4697265625 0.595703125 0.4501953125 0.5869140625 0.458984375 0.5693359375 0.455078125 0.56396484375 0.4345703125 0.55810546875 0.4267578125 0.54638671875 0.421875 0.53955078125 0.41015625 0.537109375 0.3994140625 0.52880859375 0.3916015625 0.50537109375 0.3837890625 0.49755859375 0.396484375 0.49365234375 0.41015625 0.4931640625 0.4306640625 0.4970703125 0.4521484375 0.49560546875 0.458984375 0.490234375 0.466796875
0 0.51220703125 0.5439453125 0.5185546875 0.54296875 0.521484375 0.5341796875 0.52880859375 0.529296875 0.53173828125 0.51953125 0.52783203125 0.5009765625 0.5205078125 0.4912109375 0.509765625 0.490234375 0.505859375 0.494140625 0.50244140625 0.50390625 0.501953125 0.5126953125 0.50634765625 0.53515625 0.5087890625 0.5419921875 0.51220703125 0.5439453125
0 0.50830078125 0.6181640625 0.509765625 0.60546875 0.50537109375 0.591796875 0.47412109375 0.5322265625 0.470703125 0.5283203125 0.4658203125 0.5322265625 0.46240234375 0.5625 0.4619140625 0.58984375 0.48046875 0.6396484375 0.490234375 0.642578125 0.50830078125 0.6181640625
0 0.63818359375 0.46875 0.6416015625 0.4658203125 0.65087890625 0.435546875 0.650390625 0.4248046875 0.6416015625 0.4091796875 0.634765625 0.404296875 0.6201171875 0.404296875 0.61474609375 0.4140625 0.61376953125 0.4228515625 0.61181640625 0.4501953125 0.62255859375 0.46484375 0.62744140625 0.4599609375 0.63818359375 0.46875
0 0.72216796875 0.470703125 0.72509765625 0.4833984375 0.7255859375 0.498046875 0.72021484375 0.5166015625 0.72314453125 0.525390625 0.7314453125 0.5283203125 0.74755859375 0.525390625 0.75732421875 0.5166015625 0.75927734375 0.5029296875 0.75830078125 0.4912109375 0.7548828125 0.4765625 0.74609375 0.462890625 0.74951171875 0.4404296875 0.7451171875 0.4169921875 0.74267578125 0.416015625 0.72705078125 0.4296875 0.7060546875 0.416015625 0.697265625 0.416015625 0.69091796875 0.421875 0.689453125 0.431640625 0.693359375 0.443359375 0.71337890625 0.4677734375 0.72216796875 0.470703125
0 0.369140625 0.3662109375 0.37109375 0.3486328125 0.365234375 0.3291015625 0.3603515625 0.3291015625 0.3515625 0.3388671875 0.3486328125 0.345703125 0.34912109375 0.3701171875 0.3583984375 0.375 0.369140625 0.3662109375
0 0.404296875 0.470703125 0.40380859375 0.4599609375 0.40087890625 0.4560546875 0.3935546875 0.4609375 0.392578125 0.466796875 0.39599609375 0.4736328125 0.40087890625 0.474609375 0.404296875 0.470703125
0 0.39453125 0.419921875 0.39013671875 0.4033203125 0.380859375 0.392578125 0.3720703125 0.4033203125 0.3720703125 0.423828125 0.380859375 0.44140625 0.388671875 0.44140625 0.39453125 0.419921875
0 0.3798828125 0.744140625 0.37841796875 0.7314453125 0.369140625 0.7197265625 0.36474609375 0.7197265625 0.3623046875 0.728515625 0.36181640625 0.736328125 0.36572265625 0.7451171875 0.376953125 0.748046875 0.3798828125 0.744140625