0 0.6875 0.654296875 0.69384765625 0.6669921875 0.72265625 0.62890625 0.7294921875 0.6123046875 0.75390625 0.5732421875 0.7705078125 0.55859375 0.7744140625 0.5400390625 0.798828125 0.537109375 0.802734375 0.533203125 0.81396484375 0.5 0.81982421875 0.4970703125 0.82763671875 0.4814453125 0.82861328125 0.4716796875 0.822265625 0.4638671875 0.82470703125 0.4384765625 0.8193359375 0.421875 0.81396484375 0.41796875 0.80615234375 0.419921875 0.7783203125 0.4619140625 0.76513671875 0.4775390625 0.75439453125 0.4814453125 0.73486328125 0.5234375 0.7236328125 0.52734375 0.716796875 0.525390625 0.7060546875 0.53515625 0.677734375 0.533203125 0.67138671875 0.5458984375 0.6708984375 0.556640625 0.673828125 0.5654296875 0.677734375 0.607421875 0.6875 0.654296875
0 0.5126953125 0.6650390625 0.51953125 0.6708984375 0.536865234375 0.6708984375 0.55126953125 0.6826171875 0.5595703125 0.6748046875 0.56298828125 0.662109375 0.56396484375 0.638671875 0.55615234375 0.6025390625 0.544921875 0.57421875 0.5283203125 0.5712890625 0.52001953125 0.576171875 0.5166015625 0.58203125 0.51708984375 0.6083984375 0.50830078125 0.6201171875 0.5087890625 0.654296875 0.5126953125 0.6650390625
3 0.3759765625 0.28125 0.37646484375 0.2939453125 0.40087890625 0.3232421875 0.41357421875 0.3310546875 0.4267578125 0.3271484375 0.42919921875 0.330078125 0.43310546875 0.3232421875 0.44189453125 0.330078125 0.45556640625 0.3310546875 0.462890625 0.3173828125 0.47314453125 0.3134765625 0.48388671875 0.322265625 0.486328125 0.341796875 0.49755859375 0.3291015625 0.52783203125 0.251953125 0.5263671875 0.20703125 0.5224609375 0.1982421875 0.50341796875 0.181640625 0.501953125 0.17578125 0.4677734375 0.166015625 0.46484375 0.1611328125 0.44287109375 0.1728515625 0.39404296875 0.220703125 0.3681640625 0.2392578125 0.375 0.2568359375 0.375 0.2705078125 0.37255859375 0.275390625 0.3759765625 0.28125
3 0.57763671875 0.3310546875 0.58203125 0.314453125 0.58203125 0.296875 0.572265625 0.2822265625 0.56787109375 0.2802734375 0.56494140625 0.28515625 0.56494140625 0.2998046875 0.56982421875 0.3193359375 0.5732421875 0.330078125 0.57763671875 0.3310546875
3 0.611328125 0.4365234375 0.611328125 0.4111328125 0.60546875 0.4013671875 0.6064453125 0.392578125 0.59228515625 0.3720703125 0.58447265625 0.3681640625 0.5810546875 0.3720703125 0.58251953125 0.388671875 0.57861328125 0.396484375 0.57763671875 0.4326171875 0.580078125 0.4482421875 0.59521484375 0.451171875 0.611328125 0.4365234375
3 0.73095703125 0.29296875 0.72412109375 0.283203125 0.7158203125 0.283203125 0.705078125 0.2890625 0.68896484375 0.3076171875 0.69580078125 0.3173828125 0.71728515625 0.3291015625 0.7294921875 0.314453125 0.73095703125 0.29296875
3 0.66162109375 0.5625 0.671875 0.5625 0.67333984375 0.5400390625 0.66357421875 0.521484375 0.65087890625 0.517578125 0.65087890625 0.5263671875 0.64794921875 0.529296875 0.65478515625 0.5556640625 0.66162109375 0.5625
3 0.509765625 0.611328125 0.50927734375 0.59375 0.49755859375 0.5908203125 0.49853515625 0.609375 0.50537109375 0.619140625 0.5078125 0.6171875 0.509765625 0.611328125
3 0.26220703125 0.416015625 0.267578125 0.4150390625 0.265625 0.3916015625 0.25146484375 0.3935546875 0.2470703125 0.404296875 0.24658203125 0.4189453125 0.251953125 0.42578125 0.2568359375 0.4248046875 0.26220703125 0.416015625
3 0.533203125 0.314453125 0.54443359375 0.314453125 0.55224609375 0.2998046875 0.55615234375 0.30078125 0.56103515625 0.263671875 0.55859375 0.23828125 0.5517578125 0.2333984375 0.53662109375 0.244140625 0.525390625 0.2626953125 0.5263671875 0.267578125 0.52490234375 0.271484375 0.5302734375 0.306640625 0.533203125 0.314453125
0 0.810546875 0.373046875 0.814453125 0.373046875 0.8134765625 0.349609375 0.810546875 0.3388671875 0.80615234375 0.3330078125 0.79736328125 0.330078125 0.787109375 0.33203125 0.783203125 0.3447265625 0.78564453125 0.3720703125 0.794921875 0.3916015625 0.8037109375 0.3916015625 0.810546875 0.373046875