3 0.32080078125 0.4560546875 0.32373046875 0.451171875 0.32275390625 0.439453125 0.31787109375 0.427734375 0.31787109375 0.4189453125 0.31298828125 0.404296875 0.29443359375 0.396484375 0.279296875 0.408203125 0.27587890625 0.42578125 0.27001953125 0.435546875 0.26953125 0.447265625 0.27734375 0.455078125 0.3125 0.4580078125 0.32080078125 0.4560546875
3 0.2880859375 0.5419921875 0.298828125 0.552734375 0.3212890625 0.5009765625 0.33056640625 0.47265625 0.3271484375 0.466796875 0.318359375 0.4638671875 0.2939453125 0.462890625 0.28662109375 0.474609375 0.28515625 0.4814453125 0.28466796875 0.51171875 0.28564453125 0.5283203125 0.28857421875 0.5322265625 0.2880859375 0.5419921875
3 0.34033203125 0.6572265625 0.3466796875 0.64453125 0.349609375 0.59375 0.3486328125 0.580078125 0.34619140625 0.5751953125 0.322265625 0.5771484375 0.31689453125 0.58984375 0.314453125 0.6220703125 0.32177734375 0.6533203125 0.330078125 0.6611328125 0.34033203125 0.6572265625
3 0.37939453125 0.51953125 0.38720703125 0.521484375 0.392578125 0.5322265625 0.3896484375 0.541015625 0.390625 0.5478515625 0.39599609375 0.556640625 0.3994140625 0.5576171875 0.40380859375 0.556640625 0.408203125 0.548828125 0.41455078125 0.5283203125 0.423828125 0.482421875 0.41748046875 0.4765625 0.380859375 0.4736328125 0.3642578125 0.4765625 0.36328125 0.4931640625 0.36865234375 0.521484375 0.37109375 0.5244140625 0.37939453125 0.51953125
3 0.43017578125 0.416015625 0.42626953125 0.4228515625 0.42626953125 0.4345703125 0.43017578125 0.4375 0.4296875 0.4453125 0.42626953125 0.447265625 0.42822265625 0.458984375 0.45361328125 0.4658203125 0.48193359375 0.4619140625 0.486328125 0.458984375 0.48828125 0.451171875 0.49853515625 0.4345703125 0.49462890625 0.404296875 0.46240234375 0.322265625 0.4541015625 0.3154296875 0.4384765625 0.3349609375 0.43505859375 0.3251953125 0.427734375 0.3251953125 0.423828125 0.3330078125 0.42431640625 0.3681640625 0.427734375 0.390625 0.43212890625 0.396484375 0.43017578125 0.416015625
3 0.58349609375 0.751953125 0.60400390625 0.7490234375 0.61181640625 0.7392578125 0.61767578125 0.720703125 0.61962890625 0.7119140625 0.6181640625 0.6904296875 0.63330078125 0.6689453125 0.63916015625 0.609375 0.63720703125 0.58203125 0.638671875 0.509765625 0.63623046875 0.4921875 0.63623046875 0.4736328125 0.630859375 0.4619140625 0.62744140625 0.458984375 0.62255859375 0.4609375 0.6123046875 0.482421875 0.61181640625 0.501953125 0.5947265625 0.5771484375 0.591796875 0.59765625 0.5849609375 0.611328125 0.5654296875 0.6845703125 0.5625 0.7060546875 0.55859375 0.7158203125 0.55810546875 0.732421875 0.560546875 0.7333984375 0.56591796875 0.724609375 0.58349609375 0.751953125
3 0.701171875 0.6181640625 0.70849609375 0.634765625 0.71826171875 0.638671875 0.7255859375 0.634765625 0.73583984375 0.6064453125 0.7373046875 0.591796875 0.73583984375 0.5810546875 0.72705078125 0.5576171875 0.7265625 0.54296875 0.734375 0.4658203125 0.732421875 0.4384765625 0.71826171875 0.4296875 0.71728515625 0.4228515625 0.71044921875 0.4228515625 0.70654296875 0.4287109375 0.70458984375 0.4345703125 0.70458984375 0.45703125 0.69384765625 0.5244140625 0.69189453125 0.5595703125 0.69873046875 0.5712890625 0.69873046875 0.603515625 0.701171875 0.6181640625
3 0.43505859375 0.748046875 0.4501953125 0.7158203125 0.4560546875 0.7099609375 0.47021484375 0.724609375 0.474609375 0.72265625 0.48193359375 0.705078125 0.4794921875 0.701171875 0.4794921875 0.6884765625 0.474609375 0.6796875 0.47412109375 0.66796875 0.4990234375 0.6015625 0.50244140625 0.580078125 0.47998046875 0.5869140625 0.470703125 0.603515625 0.46630859375 0.6025390625 0.447265625 0.6142578125 0.44580078125 0.623046875 0.43505859375 0.62109375 0.43212890625 0.66015625 0.42236328125 0.6689453125 0.41796875 0.689453125 0.41796875 0.7158203125 0.42041015625 0.728515625 0.4306640625 0.7529296875 0.43505859375 0.748046875
3 0.40185546875 0.791015625 0.4013671875 0.7841796875 0.39599609375 0.7763671875 0.39404296875 0.7685546875 0.38134765625 0.759765625 0.37255859375 0.7587890625 0.36376953125 0.7646484375 0.35888671875 0.77734375 0.35986328125 0.810546875 0.375 0.8173828125 0.38818359375 0.810546875 0.40185546875 0.791015625
3 0.35546875 0.2333984375 0.36376953125 0.2392578125 0.373046875 0.23828125 0.376953125 0.24609375 0.3876953125 0.228515625 0.39111328125 0.203125 0.3896484375 0.1826171875 0.390625 0.16015625 0.36962890625 0.162109375 0.353515625 0.169921875 0.35205078125 0.1806640625 0.3544921875 0.19140625 0.35302734375 0.2216796875 0.35546875 0.2333984375
3 0.44287109375 0.2822265625 0.4501953125 0.2890625 0.453125 0.298828125 0.462890625 0.3154296875 0.49072265625 0.31640625 0.5087890625 0.3076171875 0.525390625 0.291015625 0.5244140625 0.2802734375 0.51708984375 0.2646484375 0.509765625 0.2578125 0.50048828125 0.2568359375 0.4951171875 0.251953125 0.494140625 0.2412109375 0.48974609375 0.2314453125 0.482421875 0.232421875 0.47802734375 0.224609375 0.46728515625 0.216796875 0.443359375 0.2119140625 0.43896484375 0.2138671875 0.435546875 0.2275390625 0.43798828125 0.232421875 0.4345703125 0.2451171875 0.44091796875 0.2646484375 0.44287109375 0.2822265625
3 0.56103515625 0.3603515625 0.564453125 0.365234375 0.57763671875 0.37109375 0.5869140625 0.369140625 0.58837890625 0.357421875 0.58544921875 0.341796875 0.58935546875 0.3251953125 0.58935546875 0.3076171875 0.5810546875 0.28125 0.57275390625 0.2724609375 0.568359375 0.2724609375 0.560546875 0.28125 0.55322265625 0.30078125 0.55224609375 0.306640625 0.5576171875 0.32421875 0.5576171875 0.3466796875 0.56103515625 0.3603515625
3 0.61279296875 0.400390625 0.615234375 0.4150390625 0.62158203125 0.4296875 0.6201171875 0.4365234375 0.61572265625 0.439453125 0.61669921875 0.4423828125 0.626953125 0.4482421875 0.642578125 0.4462890625 0.64990234375 0.4404296875 0.65185546875 0.4296875 0.658203125 0.419921875 0.6611328125 0.3916015625 0.6572265625 0.3642578125 0.66357421875 0.3564453125 0.65673828125 0.337890625 0.6435546875 0.3251953125 0.63818359375 0.328125 0.61376953125 0.3271484375 0.6064453125 0.3369140625 0.6044921875 0.3525390625 0.60595703125 0.3818359375 0.60400390625 0.388671875 0.60693359375 0.3994140625 0.61279296875 0.400390625
3 0.306640625 0.2685546875 0.31005859375 0.25 0.30419921875 0.232421875 0.296875 0.2255859375 0.28955078125 0.2294921875 0.28369140625 0.2490234375 0.283203125 0.255859375 0.2861328125 0.263671875 0.2939453125 0.2724609375 0.306640625 0.2685546875
3 0.552734375 0.6201171875 0.5556640625 0.626953125 0.55224609375 0.642578125 0.5576171875 0.6396484375 0.56298828125 0.65625 0.56103515625 0.6572265625 0.5625 0.662109375 0.56787109375 0.6650390625 0.572265625 0.6591796875 0.587890625 0.607421875 0.59228515625 0.587890625 0.59326171875 0.5634765625 0.57958984375 0.515625 0.5751953125 0.515625 0.5693359375 0.5068359375 0.5595703125 0.5048828125 0.5478515625 0.5205078125 0.54638671875 0.5400390625 0.55126953125 0.56640625 0.546875 0.583984375 0.552734375 0.6201171875
3 0.54052734375 0.7724609375 0.5419921875 0.7822265625 0.5458984375 0.7900390625 0.55224609375 0.796875 0.56005859375 0.794921875 0.560546875 0.7783203125 0.5546875 0.7353515625 0.55712890625 0.7197265625 0.54833984375 0.7216796875 0.54052734375 0.716796875 0.53515625 0.7275390625 0.533203125 0.740234375 0.53759765625 0.7568359375 0.5361328125 0.767578125 0.54052734375 0.7724609375
3 0.6416015625 0.3125 0.65673828125 0.3125 0.66552734375 0.30078125 0.671875 0.283203125 0.67236328125 0.2626953125 0.666015625 0.2509765625 0.642578125 0.2490234375 0.6396484375 0.2509765625 0.63623046875 0.26171875 0.6357421875 0.2802734375 0.6396484375 0.298828125 0.638671875 0.3095703125 0.6416015625 0.3125
3 0.77001953125 0.5703125 0.775390625 0.5712890625 0.779296875 0.564453125 0.78173828125 0.5556640625 0.78076171875 0.5380859375 0.771484375 0.515625 0.75732421875 0.51953125 0.75341796875 0.52734375 0.75048828125 0.5537109375 0.7548828125 0.576171875 0.763671875 0.5771484375 0.77001953125 0.5703125
3 0.39697265625 0.4609375 0.408203125 0.458984375 0.4111328125 0.447265625 0.3974609375 0.384765625 0.38037109375 0.337890625 0.37548828125 0.3408203125 0.375 0.3505859375 0.3701171875 0.357421875 0.35302734375 0.3564453125 0.35302734375 0.36328125 0.3447265625 0.373046875 0.34130859375 0.3671875 0.337890625 0.3798828125 0.33935546875 0.384765625 0.33251953125 0.400390625 0.33251953125 0.4072265625 0.32275390625 0.4150390625 0.32177734375 0.419921875 0.3251953125 0.453125 0.33251953125 0.4609375 0.39697265625 0.4609375
3 0.3154296875 0.6376953125 0.3154296875 0.619140625 0.3125 0.6083984375 0.29443359375 0.6083984375 0.29150390625 0.6142578125 0.28955078125 0.6318359375 0.29443359375 0.6494140625 0.30712890625 0.65234375 0.3154296875 0.6376953125
3 0.29443359375 0.7548828125 0.30859375 0.7509765625 0.318359375 0.7373046875 0.32080078125 0.728515625 0.314453125 0.71484375 0.31103515625 0.7158203125 0.306640625 0.7080078125 0.28515625 0.7197265625 0.2822265625 0.728515625 0.279296875 0.7275390625 0.27978515625 0.7470703125 0.29443359375 0.7548828125
3 0.09619140625 0.55078125 0.1123046875 0.5576171875 0.12060546875 0.556640625 0.11865234375 0.548828125 0.11962890625 0.54296875 0.1142578125 0.533203125 0.11181640625 0.5185546875 0.10302734375 0.5048828125 0.09423828125 0.505859375 0.072265625 0.5146484375 0.072265625 0.5185546875 0.076171875 0.5283203125 0.09619140625 0.55078125
3 0.517578125 0.6220703125 0.529296875 0.6103515625 0.53271484375 0.5849609375 0.53125 0.57421875 0.513671875 0.568359375 0.509765625 0.5751953125 0.50927734375 0.5908203125 0.51318359375 0.609375 0.51318359375 0.6201171875 0.517578125 0.6220703125
3 0.60302734375 0.5380859375 0.6083984375 0.5283203125 0.60888671875 0.51953125 0.61181640625 0.5126953125 0.6171875 0.462890625 0.615234375 0.458984375 0.6083984375 0.4580078125 0.5927734375 0.466796875 0.59130859375 0.482421875 0.59423828125 0.5126953125 0.59765625 0.533203125 0.60302734375 0.5380859375
3 0.43505859375 0.501953125 0.44287109375 0.5126953125 0.44921875 0.509765625 0.45068359375 0.5029296875 0.45556640625 0.5048828125 0.45849609375 0.5009765625 0.45849609375 0.494140625 0.466796875 0.4873046875 0.46630859375 0.478515625 0.45556640625 0.474609375 0.4306640625 0.478515625 0.43017578125 0.490234375 0.43310546875 0.4912109375 0.43603515625 0.4970703125 0.43505859375 0.501953125
3 0.642578125 0.814453125 0.65234375 0.798828125 0.6435546875 0.794921875 0.64208984375 0.7861328125 0.63818359375 0.7861328125 0.63037109375 0.77734375 0.62255859375 0.7734375 0.6171875 0.779296875 0.6171875 0.8017578125 0.61962890625 0.814453125 0.625 0.8203125 0.642578125 0.814453125
3 0.52978515625 0.2216796875 0.54296875 0.2373046875 0.55908203125 0.244140625 0.568359375 0.2451171875 0.57373046875 0.23828125 0.57421875 0.2333984375 0.56982421875 0.220703125 0.57373046875 0.2158203125 0.572265625 0.205078125 0.55322265625 0.193359375 0.55126953125 0.1875 0.5537109375 0.185546875 0.55224609375 0.1826171875 0.52880859375 0.181640625 0.5244140625 0.185546875 0.52978515625 0.19140625 0.52734375 0.197265625 0.52978515625 0.2216796875
3 0.275390625 0.6103515625 0.28173828125 0.599609375 0.29248046875 0.5634765625 0.2802734375 0.5458984375 0.26611328125 0.548828125 0.26123046875 0.54296875 0.2578125 0.544921875 0.25537109375 0.58203125 0.26708984375 0.609375 0.27099609375 0.6123046875 0.275390625 0.6103515625