3 0.36865234375 0.6376953125 0.369140625 0.6591796875 0.373046875 0.666015625 0.38916015625 0.66796875 0.3916015625 0.6611328125 0.4033203125 0.658203125 0.40771484375 0.666015625 0.41162109375 0.6650390625 0.41845703125 0.642578125 0.42822265625 0.6416015625 0.4345703125 0.63671875 0.439453125 0.638671875 0.4443359375 0.603515625 0.44287109375 0.5771484375 0.4443359375 0.5751953125 0.4404296875 0.5673828125 0.44189453125 0.556640625 0.439453125 0.5517578125 0.4375 0.564453125 0.43408203125 0.5673828125 0.42333984375 0.5634765625 0.42041015625 0.568359375 0.4140625 0.5546875 0.4033203125 0.552734375 0.38232421875 0.5751953125 0.3779296875 0.6064453125 0.3798828125 0.6240234375 0.373046875 0.626953125 0.36865234375 0.6376953125
3 0.47314453125 0.642578125 0.48583984375 0.650390625 0.49365234375 0.6689453125 0.51513671875 0.685546875 0.517578125 0.6953125 0.53759765625 0.697265625 0.5615234375 0.6787109375 0.5625 0.6845703125 0.56494140625 0.685546875 0.57275390625 0.677734375 0.5771484375 0.666015625 0.5771484375 0.6337890625 0.56982421875 0.5947265625 0.55712890625 0.5673828125 0.5437827140625 0.57421875 0.52197265625 0.578125 0.4853515625 0.5791015625 0.48388671875 0.5869140625 0.4716796875 0.599609375 0.470703125 0.603515625 0.474609375 0.626953125 0.47216796875 0.6337890625 0.47314453125 0.642578125
3 0.56298828125 0.537109375 0.56591796875 0.5400390625 0.56640625 0.548828125 0.57177734375 0.5576171875 0.580078125 0.55859375 0.58447265625 0.55078125 0.58544921875 0.54296875 0.580078125 0.49609375 0.576171875 0.4931640625 0.57275390625 0.48046875 0.5546875 0.4658203125 0.5400390625 0.4697265625 0.54052734375 0.48828125 0.552734375 0.5322265625 0.55908203125 0.5419921875 0.56298828125 0.537109375
3 0.57763671875 0.6435546875 0.57763671875 0.662109375 0.5830078125 0.6728515625 0.5830078125 0.689453125 0.59033203125 0.6982421875 0.59619140625 0.6953125 0.6025390625 0.701171875 0.60888671875 0.69921875 0.609375 0.6884765625 0.611328125 0.6845703125 0.611328125 0.6689453125 0.60205078125 0.642578125 0.6025390625 0.6220703125 0.59765625 0.6162109375 0.595703125 0.6064453125 0.583984375 0.5869140625 0.57666015625 0.5869140625 0.5732421875 0.59375 0.5732421875 0.60546875 0.576171875 0.6142578125 0.57373046875 0.6298828125 0.57763671875 0.6435546875
3 0.62353515625 0.53515625 0.623046875 0.5498046875 0.638671875 0.6103515625 0.6455078125 0.6201171875 0.65478515625 0.619140625 0.66064453125 0.6044921875 0.65966796875 0.58203125 0.66650390625 0.5751953125 0.67138671875 0.556640625 0.65283203125 0.470703125 0.64599609375 0.466796875 0.62841796875 0.4658203125 0.61865234375 0.4736328125 0.61865234375 0.4892578125 0.62158203125 0.4990234375 0.6201171875 0.5185546875 0.62353515625 0.53515625
3 0.75341796875 0.59375 0.74560546875 0.5888671875 0.740234375 0.591796875 0.73779296875 0.59765625 0.73974609375 0.6357421875 0.75146484375 0.63671875 0.75537109375 0.6201171875 0.75341796875 0.59375
3 0.72509765625 0.6416015625 0.72216796875 0.63671875 0.71826171875 0.63671875 0.71484375 0.6396484375 0.7119140625 0.6484375 0.70654296875 0.65234375 0.70654296875 0.6923828125 0.72119140625 0.6884765625 0.72509765625 0.6708984375 0.72509765625 0.6416015625
3 0.67724609375 0.4990234375 0.689453125 0.505859375 0.69140625 0.5009765625 0.6923828125 0.478515625 0.68603515625 0.4697265625 0.66943359375 0.470703125 0.6748046875 0.4794921875 0.6748046875 0.490234375 0.67724609375 0.4990234375
3 0.8056640625 0.484375 0.8037109375 0.47265625 0.798828125 0.4658203125 0.79443359375 0.46484375 0.7880859375 0.470703125 0.7890625 0.484375 0.79443359375 0.4931640625 0.8017578125 0.4921875 0.8056640625 0.484375
3 0.787109375 0.623046875 0.79150390625 0.6181640625 0.79150390625 0.5986328125 0.787109375 0.5849609375 0.77978515625 0.5810546875 0.7705078125 0.58203125 0.765625 0.5908203125 0.76708984375 0.6025390625 0.77685546875 0.61328125 0.779296875 0.6201171875 0.787109375 0.623046875
3 0.86083984375 0.5 0.8623046875 0.4814453125 0.85986328125 0.474609375 0.84912109375 0.4697265625 0.84423828125 0.4873046875 0.83837890625 0.4951171875 0.83251953125 0.494140625 0.82861328125 0.498046875 0.8291015625 0.509765625 0.833984375 0.515625 0.845703125 0.5029296875 0.86083984375 0.5
3 0.69677734375 0.587890625 0.697265625 0.5751953125 0.6904296875 0.5517578125 0.68505859375 0.55078125 0.67919921875 0.5615234375 0.685546875 0.595703125 0.689453125 0.5986328125 0.69287109375 0.58984375 0.69677734375 0.587890625
3 0.62255859375 0.744140625 0.64306640625 0.7470703125 0.64794921875 0.7392578125 0.64697265625 0.7294921875 0.642578125 0.7216796875 0.6220703125 0.7109375 0.62255859375 0.724609375 0.61865234375 0.7314453125 0.6220703125 0.7373046875 0.62255859375 0.744140625
3 0.673828125 0.6943359375 0.67333984375 0.7001953125 0.68408203125 0.7041015625 0.6884765625 0.701171875 0.69140625 0.6884765625 0.69091796875 0.658203125 0.67431640625 0.6416015625 0.6640625 0.64453125 0.6630859375 0.6552734375 0.66064453125 0.658203125 0.6689453125 0.6884765625 0.673828125 0.6943359375
3 0.60595703125 0.611328125 0.61376953125 0.61328125 0.6240234375 0.5908203125 0.62744140625 0.5751953125 0.625 0.5361328125 0.623046875 0.53125 0.615234375 0.529296875 0.6044921875 0.5439453125 0.6044921875 0.5595703125 0.59765625 0.580078125 0.59912109375 0.599609375 0.60595703125 0.611328125
3 0.7197265625 0.607421875 0.72412109375 0.603515625 0.72509765625 0.5947265625 0.72265625 0.564453125 0.71630859375 0.5576171875 0.70751953125 0.5625 0.708984375 0.6025390625 0.7119140625 0.6064453125 0.716796875 0.6044921875 0.7197265625 0.607421875
3 0.505859375 0.7041015625 0.5068359375 0.697265625 0.4775390625 0.6923828125 0.46142578125 0.7060546875 0.4658203125 0.7138671875 0.4873046875 0.716796875 0.50048828125 0.7109375 0.505859375 0.7041015625