3 0.380859375 0.5654296875 0.39208984375 0.5751953125 0.40283203125 0.5673828125 0.40869140625 0.5693359375 0.41552734375 0.5595703125 0.41845703125 0.5439453125 0.4228515625 0.546875 0.42529296875 0.5439453125 0.42578125 0.517578125 0.41845703125 0.50390625 0.3994140625 0.50390625 0.38232421875 0.509765625 0.3759765625 0.5185546875 0.37548828125 0.529296875 0.37890625 0.5361328125 0.3779296875 0.55859375 0.380859375 0.5654296875
3 0.45654296875 0.568359375 0.455078125 0.5498046875 0.4443359375 0.5400390625 0.4404296875 0.544921875 0.435546875 0.5634765625 0.435546875 0.58203125 0.4423828125 0.5869140625 0.45361328125 0.58203125 0.45654296875 0.568359375
3 0.51806640625 0.609375 0.52587890625 0.59765625 0.52685546875 0.564453125 0.51513671875 0.5556640625 0.50732421875 0.560546875 0.5 0.578125 0.4951171875 0.599609375 0.49462890625 0.607421875 0.4970703125 0.6103515625 0.51025390625 0.6123046875 0.51806640625 0.609375
3 0.64599609375 0.47265625 0.67431640625 0.4716796875 0.68798828125 0.462890625 0.68505859375 0.421875 0.681640625 0.4052734375 0.6767578125 0.3916015625 0.6689453125 0.38671875 0.66552734375 0.3740234375 0.65380859375 0.3701171875 0.6484375 0.3720703125 0.64306640625 0.3798828125 0.63916015625 0.400390625 0.63916015625 0.4365234375 0.63623046875 0.44140625 0.63818359375 0.4560546875 0.64599609375 0.47265625
3 0.85107421875 0.4072265625 0.8681640625 0.4267578125 0.8857421875 0.4189453125 0.88818359375 0.408203125 0.88671875 0.375 0.88818359375 0.369140625 0.8603515625 0.31640625 0.83740234375 0.2890625 0.83349609375 0.2900390625 0.8203125 0.31640625 0.81884765625 0.3232421875 0.82666015625 0.341796875 0.826171875 0.345703125 0.85107421875 0.4072265625
3 0.587890625 0.67578125 0.5966796875 0.6767578125 0.60693359375 0.6669921875 0.61083984375 0.6689453125 0.61376953125 0.658203125 0.61328125 0.642578125 0.60693359375 0.6259765625 0.58642578125 0.6220703125 0.57958984375 0.6376953125 0.57861328125 0.654296875 0.580078125 0.6611328125 0.58447265625 0.6728515625 0.587890625 0.67578125
3 0.556640625 0.8515625 0.56005859375 0.8466796875 0.564453125 0.84765625 0.56884765625 0.841796875 0.57421875 0.8408203125 0.587890625 0.8251953125 0.5712890625 0.7861328125 0.5625 0.775390625 0.548828125 0.771484375 0.5400390625 0.775390625 0.53564453125 0.779296875 0.53271484375 0.79296875 0.5302734375 0.7958984375 0.52978515625 0.8203125 0.537109375 0.8466796875 0.5478515625 0.8466796875 0.556640625 0.8515625
3 0.42138671875 0.8037109375 0.42919921875 0.783203125 0.42822265625 0.775390625 0.423828125 0.7666015625 0.42041015625 0.767578125 0.412109375 0.7607421875 0.40380859375 0.7587890625 0.39404296875 0.7705078125 0.39208984375 0.7939453125 0.400390625 0.8271484375 0.4091796875 0.8212890625 0.42138671875 0.8037109375
3 0.6044921875 0.521484375 0.60791015625 0.509765625 0.6064453125 0.5009765625 0.6083984375 0.498046875 0.5830078125 0.49609375 0.57666015625 0.50390625 0.57666015625 0.5166015625 0.5791015625 0.5234375 0.5947265625 0.5283203125 0.6044921875 0.521484375
3 0.61962890625 0.4345703125 0.619140625 0.4189453125 0.603515625 0.3798828125 0.599609375 0.3779296875 0.59521484375 0.3955078125 0.5947265625 0.4189453125 0.60009765625 0.4365234375 0.6083984375 0.4404296875 0.61962890625 0.4345703125
0 0.39208984375 0.623046875 0.392578125 0.6142578125 0.38916015625 0.599609375 0.3857421875 0.58984375 0.3798828125 0.5830078125 0.36669921875 0.5830078125 0.35498046875 0.5927734375 0.3515625 0.6025390625 0.35205078125 0.654296875 0.361328125 0.6796875 0.37939453125 0.6572265625 0.39208984375 0.623046875