0 0.3837890625 0.412109375 0.3916015625 0.3876953125 0.3916015625 0.376953125 0.3837890625 0.3525390625 0.369140625 0.328125 0.365234375 0.3115234375 0.36083984375 0.30859375 0.35693359375 0.3154296875 0.35498046875 0.3349609375 0.35205078125 0.3447265625 0.35205078125 0.3994140625 0.3662109375 0.416015625 0.37841796875 0.4169921875 0.3837890625 0.412109375
3 0.54296875 0.2255859375 0.55615234375 0.2255859375 0.5654296875 0.220703125 0.56982421875 0.20703125 0.572265625 0.185546875 0.56689453125 0.1630859375 0.556640625 0.1533203125 0.5390625 0.16015625 0.53076171875 0.1806640625 0.53076171875 0.1962890625 0.533203125 0.201171875 0.53466796875 0.216796875 0.54296875 0.2255859375
3 0.42724609375 0.453125 0.423828125 0.4482421875 0.41943359375 0.4541015625 0.41650390625 0.4423828125 0.40087890625 0.427734375 0.3916015625 0.4267578125 0.3828125 0.4345703125 0.3798828125 0.4423828125 0.38037109375 0.45703125 0.376953125 0.470703125 0.3779296875 0.4853515625 0.38134765625 0.4873046875 0.427734375 0.4853515625 0.42724609375 0.453125
3 0.611328125 0.60546875 0.6142578125 0.5947265625 0.61474609375 0.572265625 0.61181640625 0.5634765625 0.607421875 0.5615234375 0.599609375 0.5673828125 0.595703125 0.580078125 0.59716796875 0.60546875 0.60107421875 0.6162109375 0.603515625 0.6171875 0.611328125 0.60546875
3 0.666015625 0.61328125 0.6689453125 0.5927734375 0.673828125 0.576171875 0.67333984375 0.56640625 0.666015625 0.5517578125 0.65478515625 0.546875 0.6484375 0.560546875 0.64501953125 0.57421875 0.64697265625 0.591796875 0.65380859375 0.611328125 0.666015625 0.61328125
3 0.853515625 0.69140625 0.86474609375 0.673828125 0.86572265625 0.666015625 0.865234375 0.6416015625 0.861328125 0.62109375 0.857421875 0.619140625 0.85400390625 0.6064453125 0.84912109375 0.6083984375 0.8388671875 0.6220703125 0.8232421875 0.6689453125 0.8212890625 0.677734375 0.82421875 0.6845703125 0.8388671875 0.6982421875 0.853515625 0.69140625
3 0.8916015625 0.609375 0.8935546875 0.5771484375 0.89111328125 0.55859375 0.873046875 0.5576171875 0.86669921875 0.5712890625 0.865234375 0.580078125 0.86474609375 0.603515625 0.8701171875 0.61328125 0.88427734375 0.61328125 0.8916015625 0.609375
3 0.60546875 0.3759765625 0.6103515625 0.37109375 0.61279296875 0.3603515625 0.61279296875 0.345703125 0.60986328125 0.3349609375 0.5986328125 0.322265625 0.591796875 0.3212890625 0.58251953125 0.3291015625 0.57568359375 0.345703125 0.57568359375 0.361328125 0.583984375 0.3798828125 0.587890625 0.3828125 0.60546875 0.3759765625
3 0.61083984375 0.498046875 0.60498046875 0.474609375 0.59912109375 0.4697265625 0.58349609375 0.470703125 0.576171875 0.474609375 0.5751953125 0.482421875 0.57470703125 0.4931640625 0.57958984375 0.4990234375 0.6064453125 0.5009765625 0.61083984375 0.498046875
3 0.51171875 0.4365234375 0.515625 0.4189453125 0.5146484375 0.4033203125 0.51123046875 0.3916015625 0.50927734375 0.388671875 0.49365234375 0.390625 0.49365234375 0.3994140625 0.49951171875 0.4228515625 0.505859375 0.435546875 0.51171875 0.4365234375
3 0.5439453125 0.431640625 0.54638671875 0.4189453125 0.5439453125 0.39453125 0.53662109375 0.392578125 0.529296875 0.396484375 0.5263671875 0.40234375 0.5263671875 0.419921875 0.52978515625 0.43359375 0.53857421875 0.435546875 0.5439453125 0.431640625
3 0.49365234375 0.314453125 0.501953125 0.3115234375 0.50927734375 0.2978515625 0.51513671875 0.2724609375 0.5146484375 0.2626953125 0.5107421875 0.2529296875 0.51123046875 0.240234375 0.505859375 0.2353515625 0.49755859375 0.236328125 0.4921875 0.244140625 0.48876953125 0.2626953125 0.48876953125 0.283203125 0.48681640625 0.29296875 0.48876953125 0.306640625 0.49365234375 0.314453125
3 0.42333984375 0.2392578125 0.42724609375 0.2314453125 0.43212890625 0.2314453125 0.431640625 0.2236328125 0.42431640625 0.203125 0.408203125 0.177734375 0.39990234375 0.17578125 0.39453125 0.2001953125 0.3935546875 0.2314453125 0.4033203125 0.2431640625 0.4169921875 0.2431640625 0.42333984375 0.2392578125
3 0.41650390625 0.3427734375 0.4189453125 0.326171875 0.41650390625 0.3017578125 0.40478515625 0.2822265625 0.38671875 0.2822265625 0.38818359375 0.2978515625 0.40673828125 0.34375 0.41357421875 0.34765625 0.41650390625 0.3427734375
3 0.4619140625 0.4658203125 0.45947265625 0.458984375 0.46240234375 0.451171875 0.458984375 0.4423828125 0.46044921875 0.4345703125 0.4521484375 0.408203125 0.4306640625 0.40625 0.43359375 0.439453125 0.443359375 0.47265625 0.451171875 0.4775390625 0.4619140625 0.4658203125
3 0.76953125 0.3134765625 0.7783203125 0.330078125 0.7861328125 0.3369140625 0.79541015625 0.3388671875 0.798828125 0.3349609375 0.79833984375 0.3251953125 0.783203125 0.28515625 0.767578125 0.267578125 0.7646484375 0.267578125 0.76806640625 0.279296875 0.7666015625 0.30078125 0.76953125 0.3134765625
3 0.7744140625 0.595703125 0.7763671875 0.5712890625 0.7763671875 0.564453125 0.7724609375 0.556640625 0.7734375 0.552734375 0.76318359375 0.544921875 0.75 0.5439453125 0.74755859375 0.5478515625 0.74609375 0.603515625 0.7529296875 0.611328125 0.76953125 0.611328125 0.7744140625 0.595703125