0 0.630859375 0.681640625 0.634765625 0.689453125 0.6416015625 0.6884765625 0.64404296875 0.677734375 0.6435546875 0.6689453125 0.6494140625 0.6533203125 0.65087890625 0.6416015625 0.64990234375 0.607421875 0.64794921875 0.5986328125 0.6318359375 0.5830078125 0.62255859375 0.58203125 0.6171875 0.5869140625 0.60888671875 0.609375 0.6083984375 0.6220703125 0.61669921875 0.6484375 0.62939453125 0.6689453125 0.630859375 0.681640625
3 0.3203125 0.4619140625 0.3349609375 0.4677734375 0.34375 0.4658203125 0.3544921875 0.439453125 0.357421875 0.4228515625 0.35400390625 0.3955078125 0.34130859375 0.3818359375 0.3369140625 0.380859375 0.33349609375 0.3837890625 0.3271484375 0.4033203125 0.32080078125 0.4404296875 0.3173828125 0.4462890625 0.32177734375 0.4560546875 0.3203125 0.4619140625
3 0.50146484375 0.7724609375 0.505859375 0.767578125 0.51025390625 0.7470703125 0.5107421875 0.720703125 0.51220703125 0.712890625 0.51611328125 0.7080078125 0.5126953125 0.6845703125 0.50439453125 0.681640625 0.49609375 0.6865234375 0.4853515625 0.7158203125 0.48388671875 0.732421875 0.48779296875 0.7529296875 0.48583984375 0.7626953125 0.50146484375 0.7724609375
3 0.59521484375 0.822265625 0.59912109375 0.8212890625 0.6025390625 0.8134765625 0.60595703125 0.7939453125 0.60595703125 0.767578125 0.603515625 0.7529296875 0.591796875 0.7451171875 0.58349609375 0.748046875 0.58203125 0.744140625 0.5634765625 0.7529296875 0.56005859375 0.75 0.560546875 0.7587890625 0.5693359375 0.7822265625 0.58447265625 0.8125 0.59521484375 0.822265625
3 0.58447265625 0.5625 0.59130859375 0.5712890625 0.61181640625 0.576171875 0.619140625 0.568359375 0.62744140625 0.552734375 0.62451171875 0.5185546875 0.6201171875 0.5126953125 0.5791015625 0.5126953125 0.5751953125 0.5166015625 0.5732421875 0.52734375 0.57421875 0.5341796875 0.572265625 0.544921875 0.5810546875 0.552734375 0.58447265625 0.5625
3 0.564453125 0.591796875 0.56689453125 0.5830078125 0.56640625 0.5712890625 0.55712890625 0.533203125 0.55224609375 0.5302734375 0.54248046875 0.544921875 0.5419921875 0.5693359375 0.54443359375 0.5791015625 0.552734375 0.587890625 0.564453125 0.591796875
3 0.609375 0.701171875 0.6015625 0.6787109375 0.59130859375 0.66015625 0.5849609375 0.6689453125 0.58447265625 0.6865234375 0.5869140625 0.701171875 0.59521484375 0.70703125 0.609375 0.701171875
3 0.505859375 0.611328125 0.50634765625 0.6015625 0.498046875 0.5732421875 0.48974609375 0.5556640625 0.486328125 0.5556640625 0.4853515625 0.5595703125 0.48388671875 0.5771484375 0.48779296875 0.607421875 0.490234375 0.611328125 0.505859375 0.611328125
3 0.4375 0.845703125 0.4599609375 0.845703125 0.46875 0.83203125 0.470703125 0.8330078125 0.47802734375 0.818359375 0.47998046875 0.79296875 0.47119140625 0.77734375 0.45849609375 0.7705078125 0.4482421875 0.7705078125 0.43505859375 0.7744140625 0.42333984375 0.7978515625 0.41748046875 0.8212890625 0.41943359375 0.8310546875 0.4267578125 0.83984375 0.4375 0.845703125
3 0.259765625 0.4580078125 0.26708984375 0.4521484375 0.26220703125 0.44140625 0.2626953125 0.4375 0.26708984375 0.435546875 0.26220703125 0.4013671875 0.259765625 0.392578125 0.255859375 0.392578125 0.24853515625 0.376953125 0.232421875 0.375 0.2275390625 0.3876953125 0.2294921875 0.3916015625 0.228515625 0.396484375 0.224609375 0.400390625 0.2236328125 0.431640625 0.22998046875 0.451171875 0.2490234375 0.4580078125 0.259765625 0.4580078125
3 0.13720703125 0.375 0.13623046875 0.388671875 0.13671875 0.404296875 0.13916015625 0.41015625 0.13720703125 0.416015625 0.138671875 0.431640625 0.15087890625 0.4306640625 0.15673828125 0.423828125 0.15771484375 0.4140625 0.16162109375 0.408203125 0.18115234375 0.3173828125 0.169921875 0.302734375 0.16943359375 0.29296875 0.16552734375 0.2861328125 0.14697265625 0.3056640625 0.13427734375 0.326171875 0.1318359375 0.337890625 0.134765625 0.34375 0.13427734375 0.365234375 0.13720703125 0.375
3 0.41650390625 0.658203125 0.4150390625 0.6220703125 0.40771484375 0.615234375 0.39453125 0.6337890625 0.39599609375 0.66796875 0.40576171875 0.6767578125 0.41162109375 0.673828125 0.41650390625 0.658203125
3 0.43115234375 0.529296875 0.43505859375 0.517578125 0.43310546875 0.505859375 0.412109375 0.498046875 0.39208984375 0.4970703125 0.388671875 0.5009765625 0.39453125 0.5283203125 0.39990234375 0.537109375 0.423828125 0.5361328125 0.43115234375 0.529296875
3 0.40478515625 0.41796875 0.404296875 0.3955078125 0.3994140625 0.3828125 0.39599609375 0.3828125 0.38818359375 0.39453125 0.38232421875 0.416015625 0.3828125 0.4208984375 0.39111328125 0.4287109375 0.400390625 0.4267578125 0.40478515625 0.41796875