0 0.623046875 0.4189453125 0.64208984375 0.4150390625 0.646484375 0.408203125 0.654296875 0.384765625 0.64990234375 0.3701171875 0.65087890625 0.357421875 0.64453125 0.330078125 0.6455078125 0.322265625 0.63818359375 0.3076171875 0.63232421875 0.314453125 0.62939453125 0.330078125 0.6181640625 0.3466796875 0.6103515625 0.369140625 0.6083984375 0.3759765625 0.60986328125 0.39453125 0.61572265625 0.4130859375 0.623046875 0.4189453125
3 0.31787109375 0.5908203125 0.32373046875 0.595703125 0.32421875 0.6064453125 0.33056640625 0.6123046875 0.33349609375 0.626953125 0.3515625 0.626953125 0.3583984375 0.6064453125 0.36083984375 0.591796875 0.3603515625 0.57421875 0.35595703125 0.560546875 0.35498046875 0.5498046875 0.34814453125 0.5439453125 0.3427734375 0.5322265625 0.318359375 0.537109375 0.318359375 0.54296875 0.314453125 0.548828125 0.31640625 0.5556640625 0.31787109375 0.5908203125
3 0.44140625 0.2255859375 0.45849609375 0.2275390625 0.47021484375 0.2138671875 0.47119140625 0.2041015625 0.46875 0.177734375 0.4619140625 0.162109375 0.44140625 0.1552734375 0.43359375 0.1611328125 0.4296875 0.1708984375 0.42724609375 0.181640625 0.4287109375 0.205078125 0.43408203125 0.2197265625 0.44140625 0.2255859375
3 0.6005859375 0.244140625 0.61083984375 0.2373046875 0.61376953125 0.228515625 0.61328125 0.2197265625 0.61083984375 0.216796875 0.61083984375 0.193359375 0.60205078125 0.1826171875 0.60205078125 0.177734375 0.599609375 0.1748046875 0.59521484375 0.17578125 0.58203125 0.1904296875 0.56982421875 0.2158203125 0.57080078125 0.2236328125 0.56787109375 0.23046875 0.5830078125 0.2451171875 0.6005859375 0.244140625
3 0.49658203125 0.310546875 0.50244140625 0.314453125 0.50927734375 0.3134765625 0.513671875 0.2919921875 0.50830078125 0.248046875 0.501953125 0.2373046875 0.48828125 0.240234375 0.48779296875 0.25390625 0.48291015625 0.267578125 0.48681640625 0.2880859375 0.49658203125 0.310546875
3 0.498046875 0.423828125 0.50634765625 0.3916015625 0.5048828125 0.388671875 0.4892578125 0.3876953125 0.482421875 0.4013671875 0.4814453125 0.4228515625 0.486328125 0.4345703125 0.490234375 0.4345703125 0.498046875 0.423828125
3 0.544921875 0.4560546875 0.55615234375 0.4609375 0.5654296875 0.4404296875 0.5703125 0.4072265625 0.5478515625 0.4052734375 0.5400390625 0.427734375 0.53857421875 0.4345703125 0.54052734375 0.439453125 0.53955078125 0.44921875 0.544921875 0.4560546875
3 0.623046875 0.474609375 0.6201171875 0.4560546875 0.61962890625 0.43359375 0.61279296875 0.4267578125 0.611328125 0.4208984375 0.599609375 0.4189453125 0.5966796875 0.4248046875 0.59033203125 0.4287109375 0.58544921875 0.4384765625 0.5810546875 0.462890625 0.57958984375 0.482421875 0.58740234375 0.486328125 0.61767578125 0.486328125 0.623046875 0.474609375
3 0.416015625 0.376953125 0.423828125 0.3642578125 0.42431640625 0.357421875 0.42724609375 0.3525390625 0.427734375 0.3447265625 0.4248046875 0.341796875 0.42333984375 0.33203125 0.404296875 0.322265625 0.3955078125 0.3330078125 0.3935546875 0.341796875 0.39453125 0.36328125 0.396484375 0.369140625 0.416015625 0.376953125
3 0.39990234375 0.6220703125 0.404296875 0.603515625 0.404296875 0.5791015625 0.40087890625 0.57421875 0.396484375 0.57421875 0.38671875 0.580078125 0.38623046875 0.595703125 0.38818359375 0.603515625 0.39599609375 0.6201171875 0.39990234375 0.6220703125
3 0.16259765625 0.708984375 0.17529296875 0.6943359375 0.18115234375 0.6826171875 0.18115234375 0.67578125 0.17529296875 0.6533203125 0.16943359375 0.6484375 0.15966796875 0.6220703125 0.146484375 0.6171875 0.1337890625 0.6376953125 0.1318359375 0.6640625 0.13427734375 0.673828125 0.15771484375 0.7060546875 0.16259765625 0.708984375
3 0.603515625 0.314453125 0.60107421875 0.298828125 0.595703125 0.29296875 0.5888671875 0.296875 0.5849609375 0.3125 0.58447265625 0.3251953125 0.587890625 0.345703125 0.59130859375 0.3447265625 0.603515625 0.314453125